prompt,result,lp
"Score the following translation from English to Spanish on a continuous scale from 0 to 100,
where a score of zero (0) means ""no meaning preserved"" and score of one hundred (100) means ""perfect meaning and grammar"".

[Start of Source Text]
The Ice King looked down at his queen, disgust from his eyes. Maybe, just maybe, he would have mercy on her. The woman who he had been with for twenty-two years, the one who always cared for him at his lowest times, the one who had given birth to his sons.
[End of Source Text]

[Start of Translation]
El Rey de Hielo miraba hacia abajo a su reina, con desprecio en sus ojos. Tal vez, tal vez, tendría misericordia de ella. La mujer con la que había estado veintidós años, la que siempre se había preocupado por él en sus momentos más bajos, la que había dado a luz a sus hijos.
[End of Translation]

Your answer should be a number like 0 or 1 or 2 or ... or 100, depending on your judgement.","<think>
Okay, let's evaluate this translation. First, I need to check if the meaning is preserved. The source text is about the Ice King looking down at his queen with disgust, and then reflecting on his possible mercy towards her. It also mentions his wife from 22 years, who cared for him in his low moments and gave birth to his sons.

Looking at the Spanish translation: ""El Rey de Hielo miraba hacia abajo a su reina, con desprecio en sus ojos."" That seems accurate. ""Disgust"" is translated as ""desprecio,"" which is correct. Then ""Maybe, just maybe, he would have mercy on her."" The translation uses ""Tal vez, tal vez, tendría misericordia de ella."" That's good, though ""tal vez"" is repeated, which is a bit redundant but not wrong.

Next part: ""The woman who he had been with for twenty-two years..."" The Spanish says ""La mujer con la que había estado veintidós años..."" Wait, ""veintidós años"" is ""twenty-two years,"" but in Spanish, it's usually ""veintidós años"" without the ""s"" because it's a noun. But here, it's ""veintidós años,"" which is correct. However, the phrase ""con la que había estado"" might be a bit awkward. Maybe ""con la que había estado"" is correct, but ""había estado"" is past perfect, which matches the source's ""had been with.""

Then, ""the one who always cared for him at his lowest times"" translates to ""la que siempre se había preocupado por él en sus momentos más bajos."" ""Se había preocupado"" is correct for ""cared for."" ""En sus momentos más bajos"" is ""at his lowest times,"" which is accurate.

Finally, ""the one who had given birth to his sons."" The translation is ""la que había dado a luz a sus hijos."" ""Dado a luz"" is the correct term for ""given birth,"" so that's good.

Now, checking grammar. The sentence structures in Spanish seem correct. The tenses are consistent. The repetition of ""tal vez"" is a bit odd but not a major issue. The use of ""Rey de Hielo"" is correct for ""Ice King."" The translation seems to maintain the original meaning without adding or omitting key points. 

Possible minor issues: ""veintidós años"" is correct, but sometimes in Spanish, it's written as ""veintidós años"" without the ""s"" when it's a noun. Wait, no, ""años"" is plural, so ""veintidós años"" is correct. Also, ""se había preocupado"" is past perfect, which matches the source's ""had cared for."" 

Overall, the translation is accurate. The only possible hiccup is the repetition of ""tal vez,"" but that's more of a stylistic choice rather than a grammatical error. The meaning is clearly preserved, so I'd say the score is high. Maybe around 90-95? But since there's a slight redundancy, maybe 90. However, considering that the translation is mostly accurate with no major errors, I think 95 is reasonable. Wait, but the user might consider the repetition as a minor flaw. Alternatively, maybe 90. Hmm. Alternatively, 95 because the main points are all there and the grammar is correct. I think 95 is a good score.
</think>

<answer>
95
</answer>",en-es
"Score the following translation from English to Spanish on a continuous scale from 0 to 100,
where a score of zero (0) means ""no meaning preserved"" and score of one hundred (100) means ""perfect meaning and grammar"".

[Start of Source Text]
The first is that a blanket law clearing hundreds of people may inadvertently include some who were guilty but, given the pressing need to clear the innocent, this may be a price worth paying. The second is more serious. A law overturning court verdicts may set a dangerous precedent at a time when populists are testing the boundaries of political power.
[End of Source Text]

[Start of Translation]
La primera razón es que una ley general que exonere a cientos de personas puede incluir involuntariamente a algunas que eran culpables, pero, dada la urgente necesidad de absolver a los inocentes, este puede ser un precio que valga la pena pagar. La segunda razón es más grave. Una ley que anule las sentencias judiciales puede sentar un precedente peligroso en un momento en que los populistas están poniendo a prueba los límites del poder político.
[End of Translation]

Your answer should be a number like 0 or 1 or 2 or ... or 100, depending on your judgement.","<think>
Okay, let's evaluate this translation. First, I need to check if the meaning is preserved. The source text talks about two main points. The first is about a blanket law that might inadvertently include guilty people, but it's worth paying to clear the innocent. The second is a more serious issue where a law overturning court verdicts could set a dangerous precedent when populists are testing political power.

Looking at the translation: ""La primera razón es que una ley general que exonere a cientos de personas puede incluir involuntariamente a algunas que eran culpables..."" That seems to capture the first point. ""Exonere"" is ""clear"" in the sense of freeing from blame, which matches ""clearing hundreds of people."" The part about ""given the pressing need to clear the innocent"" is translated as ""dada la urgente necesidad de absolver a los inocentes,"" which is accurate. ""Precio que valga la pena pagar"" is a good match for ""price worth paying.""

For the second part: ""Una ley que anule las sentencias judiciales puede sentar un precedente peligroso en un momento en que los populistas están poniendo a prueba los límites del poder político."" The translation here seems correct. ""Anule las sentencias judiciales"" is ""overturning court verdicts."" ""Sentar un precedente peligroso"" is ""set a dangerous precedent."" The part about populists testing political power boundaries is accurately translated as ""poniendo a prueba los límites del poder político.""

Now, checking grammar and structure. The sentences are well-constructed in Spanish. The use of ""involuntariamente"" for ""inadvertently"" is correct. ""Absolver"" for ""clear"" in the context of innocence is appropriate. The flow of the translation is smooth and maintains the original structure.

Are there any minor issues? Maybe ""exonerar"" could be slightly different in context, but it's still accurate. The translation seems to maintain the original meaning without adding or omitting key points. The terms used are appropriate for the context. 

I don't see any errors that would significantly affect the meaning. The translation is clear and accurate. So, I would score this a high mark, maybe 95 or 100. But wait, is there any nuance lost? The original mentions ""pressing need"" which is ""urgente necesidad"" in Spanish. That's correct. The second part's ""testing the boundaries"" is ""poniendo a prueba los límites,"" which is a good fit. 

I think the translation is excellent. It preserves the meaning, grammar, and nuances. So, the score should be 100.
</think>

<answer>
100
</answer>",en-es
"Score the following translation from English to Spanish on a continuous scale from 0 to 100,
where a score of zero (0) means ""no meaning preserved"" and score of one hundred (100) means ""perfect meaning and grammar"".

[Start of Source Text]
This one was only 2 questions, but I'll take it :)
[End of Source Text]

[Start of Translation]
Este solo tenía 2 preguntas, pero me lo quedo :)
[End of Translation]

Your answer should be a number like 0 or 1 or 2 or ... or 100, depending on your judgement.","<think>
Okay, let's see. I need to score this Spanish translation from the given English text. The source is ""This one was only 2 questions, but I'll take it :)"" and the translation is ""Este solo tenía 2 preguntas, pero me lo quedo :)"".

First, I should check if the meaning is preserved. The original sentence is a bit informal, with ""This one"" referring to something previous, maybe a test or a task. The translation starts with ""Este solo tenía 2 preguntas"" which translates to ""This one only had 2 questions."" That seems accurate. The second part is ""but I'll take it :)"", which in Spanish is ""pero me lo quedo :)"".

Wait, ""me lo quedo"" is a bit tricky. The original says ""I'll take it,"" which could mean taking the test, the opportunity, etc. ""Me lo quedo"" literally means ""I'll keep it"" or ""I'll take it"" in a colloquial sense. But in Spanish, ""quedarse"" with ""lo"" might be more about keeping something, like a thing or an opportunity. However, in this context, ""take it"" is more about accepting or taking the test. So ""me lo quedo"" is a bit ambiguous but might be understood as ""I'll take it"" in a conversational way. 

Grammar-wise, the translation seems correct. The structure ""Este solo tenía 2 preguntas"" is correct. The exclamation mark and the smiley are preserved. The use of ""pero"" is correct. The verb tenses match. 

But maybe ""me lo quedo"" is not the most natural way to say ""I'll take it."" In some contexts, ""me lo llevaré"" (I'll take it) might be more direct. However, ""me lo quedo"" is a common expression in Spanish for ""I'll keep it"" or ""I'll take it,"" especially in informal speech. So it's probably acceptable.

The original has a casual tone, and the translation maintains that. The smiley is included, which is good for the tone. So overall, the translation is accurate in meaning and grammar. I think it's a 95 or 100. But maybe there's a slight nuance difference. However, since the user is asking for a score, and the translation is very close, I'd say 95. Wait, but maybe ""me lo quedo"" is slightly off. Alternatively, maybe it's 90. Hmm. Alternatively, maybe the original ""take it"" is more like ""take the test,"" so ""me lo quedo"" might be better than ""me lo llevaré."" I think in this case, the translation is good. So I'll go with 95.
</think>

<answer>
95
</answer>",en-es
"Score the following translation from English to Spanish on a continuous scale from 0 to 100,
where a score of zero (0) means ""no meaning preserved"" and score of one hundred (100) means ""perfect meaning and grammar"".

[Start of Source Text]
Kitchen-floor fixer is gone!
[End of Source Text]

[Start of Translation]
¡El reparador de suelos de cocina ha desaparecido!
[End of Translation]

Your answer should be a number like 0 or 1 or 2 or ... or 100, depending on your judgement.","<think>
Okay, let's see. The user wants me to score the Spanish translation of ""Kitchen-floor fixer is gone!"" on a scale from 0 to 100. First, I need to understand both the source and the target text.

The source text is a short sentence. ""Kitchen-floor fixer"" is a noun phrase, probably referring to someone who fixes issues in the kitchen floor. ""Is gone"" means they're no longer there. The translation provided is ""¡El reparador de suelos de cocina ha desaparecido!"" 

Breaking it down: ""reparador de suelos de cocina"" translates to ""floor repairer of the kitchen,"" which is a bit more literal. The original ""kitchen-floor fixer"" could be more naturally translated as ""reparador de suelos de cocina"" or maybe ""personal que arregla el suelo de la cocina."" But the translation uses ""reparador de suelos de cocina,"" which is correct but maybe a bit wordy. 

""Ha desaparecido"" is ""has disappeared,"" which matches ""is gone."" The exclamation mark is correctly placed. The structure is grammatically correct in Spanish. However, ""reparador de suelos de cocina"" might be more precise than ""kitchen-floor fixer,"" but the original is a bit informal. The translation is accurate but perhaps a bit more formal. 

Considering that the translation preserves the meaning and grammar, but maybe the phrasing is slightly more elaborate than necessary. However, since the user is asking for a score based on meaning and grammar, and the translation is correct, I would give it a high score. Maybe 90 or 95? But if there's a slight nuance lost, maybe 90. Alternatively, if the translation is perfectly accurate, maybe 100. Wait, ""kitchen-floor fixer"" could be ""reparador de suelos de cocina"" or ""personal de cocina que arregla el suelo."" The given translation is correct, so I think it's a 100. But maybe the term ""reparador de suelos de cocina"" is slightly more formal than the original. However, in Spanish, that's a correct and natural way to say it. So I think the translation is perfect. Therefore, the score should be 100.
</think>

<answer>
100
</answer>",en-es
"Score the following translation from English to Spanish on a continuous scale from 0 to 100,
where a score of zero (0) means ""no meaning preserved"" and score of one hundred (100) means ""perfect meaning and grammar"".

[Start of Source Text]
Hey, look: the thing went back online for like half a minute about one hour ago.
[End of Source Text]

[Start of Translation]
Oye, mira: la cosa volvió a estar en línea durante medio minuto hace aproximadamente una hora.
[End of Translation]

Your answer should be a number like 0 or 1 or 2 or ... or 100, depending on your judgement.","<think>
Okay, let's evaluate this translation. The source text is in English, and the translation is into Spanish. The user wants a score from 0 to 100 based on meaning and grammar.

First, I'll read the original English text: ""Hey, look: the thing went back online for like half a minute about one hour ago."" The key points here are the greeting ""Hey, look,"" the action of something going back online, the duration ""half a minute,"" and the time reference ""about one hour ago.""

Now, the Spanish translation is: ""Oye, mira: la cosa volvió a estar en línea durante medio minuto hace aproximadamente una hora."" Let's break this down. 

""Oye, mira"" translates to ""Hey, look,"" which is correct. ""La cosa"" is ""the thing,"" so that's good. ""Volvió a estar en línea"" is ""went back online."" The phrase ""volvió a estar"" might be a bit more literal than necessary, but it's understandable. ""Durante medio minuto"" is ""for half a minute,"" which is accurate. ""Hace aproximadamente una hora"" is ""about an hour ago,"" which is correct.

Now, checking grammar. The structure seems correct. The verb tenses match. ""Volvió"" is past tense, which matches ""went back."" The time expressions are properly placed. ""Hace aproximadamente una hora"" is the right way to say ""about an hour ago"" in Spanish.

Is there any issue? The phrase ""volvió a estar en línea"" could be slightly more natural as ""volvió a estar en línea"" is correct, but maybe ""volvió a estar en línea"" is a bit redundant. However, it's not incorrect. The translation conveys the same meaning as the original. The only possible minor issue is the use of ""volvió a estar"" instead of ""volvió a estar,"" but that's just a slight variation. 

Overall, the translation is accurate in meaning and grammatically correct. There's no loss of meaning, and the structure is proper. So I would give this a high score, maybe 95 or 100. But wait, is there any nuance I'm missing? The original says ""for like half a minute,"" which is informal. The Spanish uses ""medio minuto,"" which is the same. ""Like"" is translated as ""aproximadamente,"" which is appropriate. 

I think the translation is very good. Maybe a 95? But since it's almost perfect, maybe 100. Wait, is there any mistake? Let me check again. The original says ""the thing went back online,"" which is ""la cosa volvió a estar en línea."" That's correct. The time expressions are correct. I don't see any errors. So the score should be 100.
</think>

<answer>
100
</answer>",en-es
"Score the following translation from English to Spanish on a continuous scale from 0 to 100,
where a score of zero (0) means ""no meaning preserved"" and score of one hundred (100) means ""perfect meaning and grammar"".

[Start of Source Text]
A Scottish recycling business that has already processed more than a million tonnes of construction waste has opened a second plant following a multi-million pound investment.
[End of Source Text]

[Start of Translation]
Un negocio de reciclaje escocés que ya ha procesado más de un millón de toneladas de residuos de construcción ha abierto una segunda planta después de una inversión de varios millones de libras.
[End of Translation]

Your answer should be a number like 0 or 1 or 2 or ... or 100, depending on your judgement.","<think>
Okay, let's see. I need to evaluate the Spanish translation of the given English text. Let me start by reading both the source and the translation carefully.

The source text is about a Scottish recycling business that has processed over a million tonnes of construction waste and has opened a second plant after a multi-million pound investment. The translation provided is: ""Un negocio de reciclaje escocés que ya ha procesado más de un millón de toneladas de residuos de construcción ha abierto una segunda planta después de una inversión de varios millones de libras.""

First, I'll check for accuracy in meaning. The key points are: Scottish business, processed over a million tonnes of construction waste, opened a second plant, multi-million pound investment. 

Looking at the translation: ""negocio de reciclaje escocés"" correctly translates to ""Scottish recycling business."" ""Ya ha procesado más de un millón de toneladas de residuos de construcción"" matches ""has already processed more than a million tonnes of construction waste."" The phrase ""ha abierto una segunda planta"" is ""has opened a second plant,"" which is correct. The last part is ""después de una inversión de varios millones de libras,"" which translates to ""after an investment of several millions of pounds."" 

Now, checking grammar and structure. The Spanish sentence structure is correct. The use of ""ya ha procesado"" is past perfect, which matches the source's ""has already processed."" The verb tenses are consistent. The word ""residuos de construcción"" is accurate for ""construction waste."" 

I notice that ""varios millones de libras"" is ""several millions of pounds."" The original says ""multi-million pound investment,"" which is a bit more precise. However, ""varios millones"" is a common way to express ""multi-million"" in Spanish, so that's acceptable. 

Are there any minor issues? The source says ""multi-million pound,"" which is a singular noun, but in Spanish, ""millones"" is plural. However, ""varios millones"" is correct here. Also, ""libras"" is the correct plural for pounds. 

Is there any ambiguity or loss of meaning? The translation seems to capture all the key points without adding or omitting information. The terms used are standard and appropriate. 

I don't see any errors in the translation. The grammar is correct, the vocabulary is appropriate, and the meaning is preserved accurately. Therefore, the translation should score high. Since it's almost perfect, I'd say 95 or 100. But maybe there's a slight nuance. Let me check again. 

The original says ""multi-million pound investment,"" which is a bit more specific. The translation uses ""varios millones de libras,"" which is ""several million pounds."" In Spanish, ""multi"" can be translated as ""varios"" or ""múltiples,"" but ""varios"" is more common in this context. The phrase ""inversión de varios millones de libras"" is correct. 

I think the translation is accurate and fluent. So I would give it a high score. Maybe 95? But since it's almost perfect, perhaps 100. Wait, is there any possible mistake? Let me check the numbers. The source says ""more than a million tonnes,"" which is ""más de un millón de toneladas."" The translation uses ""más de un millón de toneladas,"" which is correct. 

Yes, everything seems to be in order. The translation is accurate, grammatically correct, and conveys the same meaning as the source. Therefore, the score should be 100.
</think>

<answer>
100
</answer>",en-es
"Score the following translation from English to Spanish on a continuous scale from 0 to 100,
where a score of zero (0) means ""no meaning preserved"" and score of one hundred (100) means ""perfect meaning and grammar"".

[Start of Source Text]
@user11 with the loss of shared experience due to an over saturation of content and the ever increasing polarization of our world, it’s so easy for bad actors to just ruin any chance of us getting together and enjoying things. Sorry, should have clarified haha
[End of Source Text]

[Start of Translation]
@ usuario11 con la pérdida de experiencia compartida debido a una saturación excesiva de contenido y la polarización cada vez mayor de nuestro mundo, es muy fácil para los malos actores arruinar cualquier posibilidad de que nos juntemos y disfrutemos de las cosas. Lo siento, debería haberlo aclarado jaja
[End of Translation]

Your answer should be a number like 0 or 1 or 2 or ... or 100, depending on your judgement.","<think>
Okay, let's evaluate this translation. First, I need to check if the meaning is preserved. The original text is a bit informal and includes some slang like ""bad actors"" and ""haha"". The Spanish translation uses ""malos actores"" which is a direct translation of ""bad actors"", but in Spanish, that term might be a bit more formal or even offensive depending on context. However, in this case, it seems to fit the original intent.

The phrase ""over saturation of content"" is translated as ""saturación excesiva de contenido"", which is accurate. ""Ever increasing polarization"" becomes ""polarización cada vez mayor"", which is correct. The sentence structure in Spanish flows well, maintaining the original message about making it easy for bad actors to disrupt gatherings.

The part ""Sorry, should have clarified haha"" is translated as ""Lo siento, debería haberlo aclarado jaja"". The tone here is preserved, with ""jaja"" being a common Spanish exclamation for laughter, similar to ""haha"". The use of ""debería haberlo aclarado"" correctly conveys the regret of not clarifying earlier.

Now, checking for grammar. The Spanish translation uses proper grammar, with correct verb conjugations and prepositions. The sentence structure is clear and matches the original's flow. There are no obvious grammatical errors.

However, I should consider if there's any nuance lost. The original has a casual, conversational tone. The Spanish translation maintains that casual tone with the use of ""jaja"" and the informal structure. The term ""malos actores"" might be a bit more formal than ""bad actors"" in some contexts, but in this case, it's appropriate.

Overall, the translation accurately conveys the meaning, maintains the tone, and has correct grammar. I don't see any significant issues. It's very close to a perfect translation. Maybe a score of 95 or 98? But since there's no major error, maybe 100? Wait, but sometimes even small things can be considered. Let me check again. The original uses ""haha"" which is ""jaja"" in Spanish. The structure is correct. The terms are accurate. I think it's a perfect translation. So the score should be 100.
</think>

<answer>
100
</answer>",en-es
"Score the following translation from English to Spanish on a continuous scale from 0 to 100,
where a score of zero (0) means ""no meaning preserved"" and score of one hundred (100) means ""perfect meaning and grammar"".

[Start of Source Text]
It feels uncomfortably passive aggressive turning up my air purifier to max, but I can smell the wood dust, so it would be justified even if he weren't an anti-masker. And I do actually need to protect myself??
[End of Source Text]

[Start of Translation]
Se siente incómodamente agresivo pasivo pasando mi purificador de aire al máximo, pero puedo o Y necesito protegerme.
[End of Translation]

Your answer should be a number like 0 or 1 or 2 or ... or 100, depending on your judgement.","<think>
Okay, let's start by looking at the source text and the translation. The source is in English, and the translation is into Spanish. I need to evaluate how well the translation preserves the meaning and grammar.

First, the source text is a bit informal and has some slang, like ""passively aggressive"" and ""anti-masker."" The translation uses ""incómodamente agresivo pasivo,"" which is a direct translation of ""incómodamente pasivo agresivo."" But in Spanish, ""pasivo agresivo"" is a fixed term, so maybe that's okay. However, the structure here might be a bit off. The original says ""turning up my air purifier to max,"" which is translated as ""pasando mi purificador de aire al máximo."" That seems correct.

Next, the part about ""but I can smell the wood dust, so it would be justified even if he weren't an anti-masker."" The translation says ""pero puedo o Y necesito protegerme."" Wait, ""puedo o Y necesito protegerme"" doesn't make sense. The original says ""but I can smell the wood dust, so it would be justified even if he weren't an anti-masker. And I do actually need to protect myself??"" The translation seems to have a grammatical error here. The ""o"" is probably a typo or mistake, maybe ""o"" was meant to be ""y"" or something else. Also, the second sentence is cut off with ""??"", but the translation ends with ""protegerme."" So the translation is missing parts and has errors.

Looking at the grammar, the original uses ""turning up my air purifier to max,"" which is correctly translated as ""pasando mi purificador de aire al máximo."" The phrase ""it would be justified even if he weren't an anti-masker"" is translated as ""sería justificado incluso si no fuera un anti-mascar,"" but the original translation seems to have a missing part here. The original translation might have a typo where ""sería justificado incluso si no fuera un anti-mascar"" is not fully present. Wait, the user's translation ends with ""pero puedo o Y necesito protegerme."" So there's a problem with the second part of the sentence. The original says ""so it would be justified even if he weren't an anti-masker. And I do actually need to protect myself??"" The translation seems to have a mistake here, maybe missing the ""even if he weren't"" part and the second sentence is not properly connected.

Also, the structure of the translation is a bit jumbled. The original has two sentences, but the translation combines them into one, which might not capture the nuance. The use of ""incómodamente agresivo pasivo"" is a bit awkward, as ""pasivo agresivo"" is a single term in Spanish. Maybe the translation should be ""incómodamente pasivo-agresivo"" with a hyphen. But even then, the placement might be off.

In terms of meaning, the key points are: feeling passive-aggressive about turning up the air purifier, but being able to smell wood dust, so it's justified even if he's not an anti-masker. The translation misses the ""even if he weren't"" part and the second sentence about needing to protect oneself. The ""o"" in ""puedo o Y necesito protegerme"" is a mistake, probably a typo. The translation seems to have some errors in grammar and structure, leading to a loss of meaning. 

Considering all this, the translation has significant issues with grammar and meaning preservation. The score should be low, maybe around 20-30. But I need to check again. The first part is okay, but the second part is messed up. The original translation is missing parts and has errors, so the score is probably around 20-30. Let me think again. The first sentence is partially correct, but the second part is wrong. The user's translation is not accurate, so the score is low. Maybe 25.
</think>

<answer>
25
</answer>",en-es
"Score the following translation from English to Spanish on a continuous scale from 0 to 100,
where a score of zero (0) means ""no meaning preserved"" and score of one hundred (100) means ""perfect meaning and grammar"".

[Start of Source Text]
It's important to keep in mind that, even though these rates are per million departures, some of the plane models in this report - for example, the Boeing 727 introduced in 1964 - have been around for decades and consequently had much longer to accumulate an accident record than others.
[End of Source Text]

[Start of Translation]
Es importante tener en cuenta que, aunque estas tasas son por millón de despegues, algunos de los modelos de aviones en este informe, por ejemplo, el Boeing 727 introducido en 1964, han estado en servicio durante décadas y, por lo tanto, han tenido mucho más tiempo para acumular un historial de accidentes que otros.
[End of Translation]

Your answer should be a number like 0 or 1 or 2 or ... or 100, depending on your judgement.","<think>
Okay, let's evaluate this translation. First, I need to check if the meaning is preserved. The source text talks about rates per million departures, some plane models being around for decades, and thus having longer time to accumulate accident records.

Looking at the translation: ""Es importante tener en cuenta que, aunque estas tasas son por millón de despegues, algunos de los modelos de aviones en este informe, por ejemplo, el Boeing 727 introducido en 1964, han estado en servicio durante décadas y, por lo tanto, han tenido mucho más tiempo para acumular un historial de accidentes que otros.""

The key points seem to be there. ""Per million departures"" is translated as ""por millón de despegues,"" which is correct. ""Have been around for decades"" becomes ""han estado en servicio durante décadas,"" which is accurate. The example of the Boeing 727 introduced in 1964 is correctly mentioned. The part about ""much longer to accumulate an accident record"" is translated as ""muy más tiempo para acumular un historial de accidentes,"" which is clear and maintains the original meaning.

Grammar-wise, the sentence structure in Spanish is correct. The use of ""por lo tanto"" (therefore) is appropriate. The verb tenses match the original. The translation flows naturally in Spanish and doesn't have any obvious errors. 

I don't see any omissions or additions that alter the meaning. The translation is faithful to the source text. Therefore, it should score high. Maybe 95 or 100. But wait, is ""despegues"" the right term here? ""Despegue"" is takeoff, but the source says ""departures."" In aviation, ""departure"" can refer to the act of taking off, so ""despegues"" is correct. Alternatively, ""salidas"" might be used, but ""despegues"" is more precise here. 

Another point: ""accident record"" is ""historial de accidentes,"" which is correct. The comparison ""much longer to accumulate"" is accurately conveyed. The translation is accurate and grammatically correct. I think this is a near-perfect translation. Maybe 98 or 100. But since the user might consider minor nuances, but in this case, everything seems spot on. So I'll go with 100.
</think>

<answer>
100
</answer>",en-es
"Score the following translation from English to Spanish on a continuous scale from 0 to 100,
where a score of zero (0) means ""no meaning preserved"" and score of one hundred (100) means ""perfect meaning and grammar"".

[Start of Source Text]
@user29@user30.engineer oh god, people actually use that outside of trigonometry class???
[End of Source Text]

[Start of Translation]
@user29@user30.engineer oh dios, la gente realmente usa eso fuera de la clase de trigonometría??
[End of Translation]

Your answer should be a number like 0 or 1 or 2 or ... or 100, depending on your judgement.","<think>
Okay, let's evaluate this translation. The source text is a message that starts with usernames followed by a statement expressing surprise. The original text is: ""@user29@user30.engineer oh god, people actually use that outside of trigonometry class???""

The translation provided is: ""@user29@user30.engineer oh dios, la gente realmente usa eso fuera de la clase de trigonometría???""

First, I need to check if the translation accurately conveys the meaning and maintains proper grammar. 

The usernames ""@user29@user30.engineer"" are kept exactly the same in both the source and translation, which is correct since they are proper nouns and shouldn't be translated.

The exclamation ""oh god"" is translated to ""oh dios"". That's a direct translation and appropriate in Spanish. The use of ""dios"" here is correct as it's a common way to say ""god"" in Spanish.

Next part: ""people actually use that outside of trigonometry class??"" The translation is ""la gente realmente usa eso fuera de la clase de trigonometría??"" 

""La gente"" is the correct translation for ""people"". ""Realmente"" is ""actually"", which matches. ""Usa"" is the correct third person singular of ""usar"", so ""use"" is correctly translated. ""Eso"" is ""that"", which is correct. ""Fuera de"" translates to ""outside of"", which is accurate. ""La clase de trigonometría"" is the correct translation for ""trigonometry class"". The double question marks at the end are retained, which is appropriate for the exclamation in the original.

Now, checking for any grammatical errors. The structure ""fuera de la clase de trigonometría"" is correct. The sentence structure in Spanish is correct. The use of ""dios"" with ""oh"" is a common expression in Spanish, so that's fine.

Is there any nuance lost? The original has an exclamation mark after the question, which is kept in the translation. The tone of surprise and disbelief is maintained. The translation seems to capture the same sentiment as the original.

Are there any errors? I don't see any. The translation is accurate, grammatically correct, and preserves the original meaning. The only possible minor point is that ""trigonometría"" is the correct spelling in Spanish, so that's correct.

Therefore, the translation is very accurate. It's hard to see any issues. The score should be high. Maybe 95 or 100. But since the original has ""trigonometry class"" and the translation uses ""clase de trigonometría"", which is correct. The exclamation marks are also preserved. So I think this is a perfect translation. Hence, 100.
</think>

<answer>
100
</answer>",en-es
"Score the following translation from English to Spanish on a continuous scale from 0 to 100,
where a score of zero (0) means ""no meaning preserved"" and score of one hundred (100) means ""perfect meaning and grammar"".

[Start of Source Text]
This is the state of my upstairs bathroom right now.
[End of Source Text]

[Start of Translation]
Este es el estado de mi baño de arriba en este momento.
[End of Translation]

Your answer should be a number like 0 or 1 or 2 or ... or 100, depending on your judgement.","<think>
Okay, let's evaluate this translation. The source text is ""This is the state of my upstairs bathroom right now."" The translation provided is ""Este es el estado de mi baño de arriba en este momento.""

First, I need to check if the meaning is preserved. The original sentence is about the current state of the upstairs bathroom. The translation uses ""baño de arriba"" which directly translates to ""upstairs bathroom,"" so that part is accurate. ""En este momento"" means ""right now,"" which matches the original.

Now, checking grammar. The structure ""Este es el estado de..."" is correct in Spanish. The placement of ""de arriba"" after ""baño"" is correct, as in Spanish, adjectives usually come after the noun. The use of ""en este momento"" is also correct. 

Are there any issues? Maybe ""baño de arriba"" could be considered more natural as ""baño de arriba"" or ""baño superior,"" but both are correct. The translation is straightforward and doesn't have any grammatical errors. The meaning is clear and matches the original. So, the translation seems accurate. I don't see any flaws here. It's a direct and correct translation. Therefore, the score should be high, maybe 95 or 100. But wait, is there any nuance lost? The original says ""my upstairs bathroom,"" and the translation uses ""mi baño de arriba,"" which is correct. No issues there. I think it's perfect. So the score is 100.
</think>

<answer>
100
</answer>",en-es
"Score the following translation from English to Spanish on a continuous scale from 0 to 100,
where a score of zero (0) means ""no meaning preserved"" and score of one hundred (100) means ""perfect meaning and grammar"".

[Start of Source Text]
Let's slide that one over there. Whoa, whoa, whoa, big boy! You're a little too hefty for this ride. Safety first, eh? 30 bills? What a rip off. I told you. Watch your step!
[End of Source Text]

[Start of Translation]
Vamos a deslizar ese por allí. ¡Guau, guau, guau, chico grande! Eres un poco demasiado fuerte para este viaje. La seguridad primero, ¿eh? ¿30 billetes? Qué estafa. Te lo dije. ¡Cuidado con tus pasos!
[End of Translation]

Your answer should be a number like 0 or 1 or 2 or ... or 100, depending on your judgement.","<think>
Okay, let's see. I need to score this Spanish translation from the given English text. First, I should understand both the source and the target texts to make sure the translation is accurate.

The source text is a dialogue with some casual and maybe a bit humorous tone. Phrases like ""Whoa, whoa, whoa, big boy!"" and ""What a rip off"" are meant to be informal and expressive. The translation uses ""Guau, guau, guau, chico grande!"" which is a direct translation of the exclamation. ""Chico grande"" is ""big boy,"" so that part is okay. The exclamation marks are kept, which is good for the tone.

Next, ""You're a little too hefty for this ride."" The translation is ""Eres un poco demasiado fuerte para este viaje."" ""Hefty"" here probably means heavy or too big, but ""fuerte"" means strong. That might be a slight misinterpretation. Maybe ""pesado"" would be better, but ""fuerte"" is understandable in context. However, ""fuerte"" could be confusing if someone thinks it's about strength rather than weight. But in the context of a ride, ""too heavy"" is more accurate. So that's a possible issue.

Then, ""Safety first, eh?"" translates to ""La seguridad primero, ¿eh?"" That's correct. ""Eh"" is used as an interjection, so that's fine.

""30 bills? What a rip off."" The translation is ""¿30 billetes? Qué estafa."" ""Billetes"" is correct for bills, and ""estafa"" is ""scam"" or ""rip off,"" so that's good.

""I told you."" is ""Te lo dije."" That's correct. 

""Watch your step!"" is ""¡Cuidado con tus pasos!"" Which is accurate. ""Cuidado con tus pasos"" is a common phrase for ""watch your step,"" so that's good.

Now, checking for grammar. The Spanish seems to have correct grammar. The use of ""¿eh?"" is appropriate. The exclamation marks are correctly placed. The verbs are in the right tense and form. 

However, the issue with ""fuerte"" vs ""pesado"" might affect the meaning slightly. ""Fuerte"" could be interpreted as strong, which might not match the original's ""hefty"" (heavy). But in the context of a ride, maybe ""fuerte"" is acceptable, though ""pesado"" would be more precise. However, since the translation is trying to convey the same message, maybe it's acceptable. 

Also, ""bills"" in the context of ""30 bills"" could be ambiguous. In some contexts, ""bills"" might refer to currency, but in others, it could mean something else. However, ""billetes"" is the correct term for bills in Spanish, so that's okay.

Overall, the translation captures the tone and most of the meaning. The only possible issue is the word ""fuerte"" instead of ""pesado,"" but that's a minor point. The rest seems accurate. So I'd say it's a high score, maybe 85 or 90. But considering that ""fuerte"" might not perfectly match ""hefty,"" maybe 85. Alternatively, if the slight misinterpretation is considered a minor flaw, then 85 is reasonable. But if the user is strict about the exact meaning, maybe 80. But I think the translation is mostly accurate, so 85.
</think>

<answer>
85
</answer>",en-es
"Score the following translation from English to Spanish on a continuous scale from 0 to 100,
where a score of zero (0) means ""no meaning preserved"" and score of one hundred (100) means ""perfect meaning and grammar"".

[Start of Source Text]
dang... a nationwide AT&T outage. no wonder why things feel dead this morning https://www.foxbusiness.com/lifestyle/cell-phone-outage-hits-att-customers-nationwide-verizon-tmobile-users-also-affected
[End of Source Text]

[Start of Translation]
Dang... un apagón de AT&T en todo el país. No es de extrañar por qué las cosas se sienten muertas esta mañana https://www.foxbusiness.com/lifestyle/cell-phone-outage-hits-att-customers-nationwide-verizon-tmobile-users-also-affected
[End of Translation]

Your answer should be a number like 0 or 1 or 2 or ... or 100, depending on your judgement.","<think>
Okay, let's see. I need to score this Spanish translation from the given English text. First, I'll read both the source and the translation carefully.

The source text starts with ""dang... a nationwide AT&T outage."" The translation has ""Dang... un apagón de AT&T en todo el país."" Hmm, ""dang"" is an exclamation, so translating it as ""Dang"" seems okay. ""A nationwide"" becomes ""en todo el país,"" which is correct. ""AT&T outage"" is ""apagón de AT&T."" Wait, ""outage"" here refers to a service interruption, so ""apagón"" is the right term for a power outage, but in the context of a phone service, maybe ""interrupción"" would be more accurate. But since the original uses ""outage,"" and the translation uses ""apagón,"" which is a direct translation, maybe that's acceptable. However, ""apagón"" is more like a power outage, so maybe there's a slight inaccuracy here. But in Spanish, ""apagón"" can sometimes be used metaphorically for a service outage, so maybe it's okay.

Next part: ""no wonder why things feel dead this morning."" The translation is ""No es de extrañar por qué las cosas se sienten muertas esta mañana."" The phrase ""no wonder"" translates to ""No es de extrañar,"" which is correct. ""Why things feel dead"" becomes ""por qué las cosas se sienten muertas."" ""Feel dead"" is ""se sienten muertas,"" which is a bit literal. ""Muertas"" means ""dead,"" but ""se sienten muertas"" is a bit more like ""feel dead."" However, in Spanish, ""se sienten muertas"" is a bit more formal. Maybe ""parecen muertas"" would be better, but the translation uses ""se sienten,"" which is correct. The structure is okay.

The URL is the same in both, so that's good. The translation seems to capture the main points. However, there's a possible issue with ""apagón"" for ""outage."" If ""outage"" here refers to a service outage (like phone service), ""interrupción"" might be more accurate. But since the original uses ""outage,"" and the translation uses ""apagón,"" which is a direct translation, maybe it's acceptable. However, in some contexts, ""apagón"" is more about a power outage, so there's a slight mismatch. But considering that the user might be using ""outage"" in the sense of a service interruption, maybe ""apagón"" is okay.

Another thing: ""se sienten muertas"" is correct, but ""se sienten"" is a bit more like ""feel"" in the sense of perception. So the translation is accurate. The structure is correct. The URL is correctly retained. The exclamation mark is preserved. 

So overall, the translation is accurate, with minor possible nuances. The score should be high. Maybe 85? Because ""apagón"" might not be the best term, but it's understandable. Alternatively, if ""apagón"" is acceptable in this context, then 90. But if ""interrupción"" is better, then maybe 85. However, since the user might not be expecting a perfect technical term, and the translation is mostly correct, I think 85 is reasonable.
</think>

<answer>
85
</answer>",en-es
"Score the following translation from English to Spanish on a continuous scale from 0 to 100,
where a score of zero (0) means ""no meaning preserved"" and score of one hundred (100) means ""perfect meaning and grammar"".

[Start of Source Text]
this is why we have such strong ties to nostalgia.
[End of Source Text]

[Start of Translation]
Es por eso que tenemos lazos tan fuertes con la nostalgia.
[End of Translation]

Your answer should be a number like 0 or 1 or 2 or ... or 100, depending on your judgement.","<think>
Okay, let's evaluate this translation. The source text is ""this is why we have such strong ties to nostalgia."" The translation provided is ""Es por eso que tenemos lazos tan fuertes con la nostalgia.""

First, I need to check if the meaning is preserved. The original sentence explains that the strong ties are due to nostalgia. The translation starts with ""Es por eso que..."" which directly translates to ""This is why,"" matching the source. 

Next, ""we have such strong ties"" becomes ""tenemos lazos tan fuertes."" ""Lazos"" is a good synonym for ""ties"" in this context. ""Tan fuertes"" correctly conveys ""such strong."" 

Then, ""to nostalgia"" is ""con la nostalgia,"" which is accurate. The structure of the sentence in Spanish is correct. The grammar seems right too. There are no obvious errors. The translation is clear and maintains the original meaning. I don't see any issues here. So, it should be a high score. Maybe 95 or 100? Let me think again. Is there any nuance lost? The word ""ties"" is well translated, and the connection to nostalgia is clear. I think it's perfect. So, 100.
</think>

<answer>
100
</answer>",en-es
"Score the following translation from English to Spanish on a continuous scale from 0 to 100,
where a score of zero (0) means ""no meaning preserved"" and score of one hundred (100) means ""perfect meaning and grammar"".

[Start of Source Text]
The walk home was quiet, but so loud. The thoughts infecting my brain were booming, and the regret of not having stayed to help flashed over multiple times. I finally arrived home, almost brought to tears by the dreadful walk in the burst of sounds from the clouds above, the thunderous booms were enough to frighten any person sometimes. Dad was already passed out on the couch, some rerun of an older movie, probably 10-12 years old; sighing, I quietly crept my way back to my room. Flopping in the bed, I wasn’t able to keep my eyes open for long. Before long, slumber crept up on me.
[End of Source Text]

[Start of Translation]
El paseo a casa era tranquilo, pero tan fuerte. Los pensamientos que infectaban mi cerebro estaban auge, y el pesar de no haber permanecido para ayudar a destellar varias veces. Finalmente, llegué a casa, casi traído a lágrimas por la terrible caminata en el estallido de sonidos de las nubes de arriba, los booms thunderous eran suficientes para asustar a cualquier persona a veces. Dad ya se pasó en el sofá, una reaparición de una película más antigua, probablemente de 10-12 años de edad; pesando, me corté tranquilamente mi camino de regreso a mi habitación. Flotando en la cama, no era capaz de mantener los ojos abiertos durante mucho tiempo. Antes de mucho tiempo, la madera se estrelló sobre mí.
[End of Translation]

Your answer should be a number like 0 or 1 or 2 or ... or 100, depending on your judgement.","<think>
Okay, let's start by reading through the source text and the translation carefully. The source is a narrative about a person's walk home, describing the quiet yet loud environment, their thoughts, and the impact of the thunder and their father's state.

First, I'll check for grammatical accuracy. The Spanish translation has some issues. For example, ""El paseo a casa era tranquilo, pero tan fuerte."" The word ""fuerte"" here might not be the best choice. ""Tan fuerte"" could mean ""so loud,"" but ""tranquilo"" is ""quiet,"" so the contrast might be better with ""muy fuerte"" or ""tan silencioso como fuerte."" But the phrase ""pero tan fuerte"" might not capture the intended contrast correctly.

Next, ""Los pensamientos que infectaban mi cerebro estaban auge."" ""Infectaban"" is ""infecting,"" which is a bit strong. The original says ""thoughts infecting my brain,"" but ""infect"" here is metaphorical, so maybe ""que me preocupaban"" or ""que me atormentaban"" would be better. ""Auge"" means ""peak"" or ""height,"" but ""estaban auge"" doesn't quite fit. It should be ""estaban a full volume"" or ""sonando fuerte.""

Then, ""el pesar de no haber permanecido para ayudar a destellar varias veces."" ""Destellar"" is not the right word here. The original says ""flashed over multiple times,"" so ""destellar"" is incorrect. The correct term might be ""flash"" as in ""destellar"" is not a common Spanish word. Maybe ""parpadeaban"" or ""brillaban"" but ""destellar"" is not appropriate. This is a significant error.

The next part: ""Dad ya se pasó en el sofá, una reaparición de una película más antigua, probablemente de 10-12 años de edad."" ""Se pasó"" is ""passed out,"" which is correct. ""Reaparición"" is ""reappearance,"" but ""re-run"" is more like ""repetición"" or ""retransmisión."" ""Reaparición"" is not the right term here. Also, ""de 10-12 años de edad"" is correct for ""10-12 years old.""

""pesando, me corté tranquilamente mi camino de regreso a mi habitación."" ""Pesando"" is ""sighing,"" which is correct. ""Corté"" is ""cut,"" but ""corté mi camino"" is not the right phrase. The correct phrase would be ""me escurri"" or ""me acerqué"" to mean ""crept."" ""Corté"" is incorrect here.

""Flotando en la cama, no era capaz de mantener los ojos abiertos durante mucho tiempo."" ""Flotando"" is ""floating,"" which is a bit off. The original says ""flopping in the bed,"" so ""flotando"" is not the best choice. Maybe ""caí"" or ""me recosté"" would be better.

Finally, ""Antes de mucho tiempo, la madera se estrelló sobre mí."" ""La madera"" is ""the wood,"" which is incorrect. The original says ""slumber crept up on me,"" so ""la madera"" is a mistake. It should be ""el sueño"" (sleep) instead.

Looking at the overall meaning, the translation captures the general idea but has several grammatical and vocabulary errors that affect clarity and accuracy. The score should be low because of these issues. However, some parts are okay. Let's see how many errors there are. The main issues are with ""destellar,"" ""reaparición,"" ""corté,"" ""flotando,"" and ""la madera."" These are critical errors. The translation is not accurate in key parts, so the score should be around 30-40, but maybe lower because of the significant errors.
</think>

<answer>
40
</answer>",en-es
"Score the following translation from English to Spanish on a continuous scale from 0 to 100,
where a score of zero (0) means ""no meaning preserved"" and score of one hundred (100) means ""perfect meaning and grammar"".

[Start of Source Text]
Very curious to see how this #DCU team responds to a game that's best forgotten. They've had a bright start and sometimes bad games just happen, but they looked completely outclasses as the game went on. #MLS #mastodonfc
[End of Source Text]

[Start of Translation]
Es muy curioso ver cómo responde este equipo #DCU a un partido que es mejor olvidar. Han tenido un comienzo brillante y, a veces, los partidos malos simplemente suceden, pero se veían completamente superados a medida que avanzaba el juego. #MLS #mastodonfc
[End of Translation]

Your answer should be a number like 0 or 1 or 2 or ... or 100, depending on your judgement.","<think>
Okay, let's evaluate this translation. First, I need to check if the meaning is preserved. The source text talks about being curious to see how the DCU team responds to a game that's best forgotten. The translation says ""un partido que es mejor olvidar,"" which is correct. 

Next, the part about a bright start and bad games happening sometimes. The translation uses ""comienzo brillante"" and ""partidos malos simplemente suceden,"" which seems accurate. 

Then, the team looking completely outclassed as the game went on. The Spanish says ""se veían completamente superados a medida que avanzaba el juego."" ""Superados"" here might be a bit strong, but it's close to ""outclassed."" The phrase ""a medida que avanzaba el juego"" correctly translates ""as the game went on.""

The hashtags #MLS and #mastodonfc are correctly included. 

Now, checking grammar. The structure in Spanish seems correct. The verbs are in the right tense and mood. The use of ""se veían"" is appropriate for the past tense. 

Possible minor issues: ""superados"" could be ""superados"" or ""derrotados,"" but ""superados"" is understandable. Also, ""es mejor olvidar"" is a bit more formal than the original, but it's not incorrect. 

Overall, the translation captures the meaning and maintains good grammar. I don't see any major errors. So, I'd give it a high score, maybe 90 or 95. But since there's a slight nuance difference in ""superados,"" maybe 92? Or 95 if the minor points are considered acceptable.
</think>

<answer>
95
</answer>",en-es
"Score the following translation from English to Spanish on a continuous scale from 0 to 100,
where a score of zero (0) means ""no meaning preserved"" and score of one hundred (100) means ""perfect meaning and grammar"".

[Start of Source Text]
The Securities and Exchange Commission begrudgingly approved exchange-traded funds that directly hold bitcoin Wednesday, a move long-awaited by fans of digital currencies and criticized by financial watchdogs skeptical of the crypto industry.
[End of Source Text]

[Start of Translation]
La Comisión de Valores y Bolsa aprobó con regalos los fondos cotizados que guardan directamente el bitcoin Wednesday, un movimiento que tanto esperaban los aficionados a las monedas digitales y que fue criticado por los vigilantes financieros escépticos de la industria del cripto.
[End of Translation]

Your answer should be a number like 0 or 1 or 2 or ... or 100, depending on your judgement.","<think>
Okay, let's evaluate this translation. First, I need to understand both the source text and the translation.

The source text talks about the SEC approving ETFs that hold Bitcoin, which was long-awaited by crypto fans but criticized by financial regulators. The key points here are the SEC's reluctant approval, the ETFs holding Bitcoin directly, the anticipation by crypto enthusiasts, and the criticism from financial watchdogs.

Looking at the translation: ""La Comisión de Valores y Bolsa aprobó con regalos los fondos cotizados que guardan directamente el bitcoin Wednesday..."" Wait, ""con regalos"" literally means ""with gifts,"" which doesn't make sense here. The original says ""begrudgingly approved,"" which is more like ""reluctantly"" or ""skeptically."" So ""con regalos"" is a mistranslation. That's a problem.

Next, ""Wednesday"" is in the middle of the sentence. In Spanish, days of the week usually come after the verb, like ""el miércoles."" So ""Wednesday"" should be ""el miércoles"" instead of being in the middle. That's another error.

Then, ""fondos cotizados que guardan directamente el bitcoin"" – ""guardan directamente"" is ""hold directly,"" which is correct. But ""cotizados"" is ""traded,"" so ""fondos cotizados"" is ""traded funds,"" which is correct. However, in the source, it's ""exchange-traded funds,"" so maybe ""fondos cotizados en bolsa"" would be more precise, but ""cotizados"" alone might suffice.

The next part: ""un movimiento que tanto esperaban los aficionados a las monedas digitales y que fue criticado por los vigilantes financieros escépticos de la industria del cripto."" The structure here is okay, but ""escépticos"" is ""skeptical,"" which is correct. However, ""vigilantes financieros"" is ""financial watchdogs,"" which is accurate. ""Industria del cripto"" is ""crypto industry,"" but ""cripto"" is a bit informal. Maybe ""industria de criptomonedas"" is better, but ""cripto"" is acceptable in some contexts.

Putting it all together, the main issues are the mistranslation of ""begrudgingly"" as ""con regalos,"" which is incorrect. Also, the placement of ""Wednesday"" is wrong. The rest of the translation seems to capture the meaning, but these two errors significantly affect the accuracy. The rest of the sentences are mostly correct, so the score should be around 50-60 because the key points are there, but there are notable errors in specific terms and structure.
</think>

<answer>
60
</answer>",en-es
"Score the following translation from English to Spanish on a continuous scale from 0 to 100,
where a score of zero (0) means ""no meaning preserved"" and score of one hundred (100) means ""perfect meaning and grammar"".

[Start of Source Text]
DETONATION
[End of Source Text]

[Start of Translation]
DETONACIÓN
[End of Translation]

Your answer should be a number like 0 or 1 or 2 or ... or 100, depending on your judgement.","<think>
Okay, let's see. The user wants me to score the translation from English to Spanish. The source text is just ""DETONATION"" and the translation is ""DETONACIÓN"". 

First, I need to check if the words are translations of each other. ""Detonation"" in English refers to the sudden explosion or ignition of something, like in explosives. In Spanish, ""detonación"" is the direct translation. So the words are the same in both languages. 

Next, I should consider if there's any context or nuance lost. Since the source text is just a single word, there's no context provided. The translation is a direct one-to-one match. 

Grammar-wise, ""detonación"" is correctly spelled in Spanish. The word is used in the same way as ""detonation"" in English. So the grammar is correct.

Meaning preservation is key here. Since both words refer to the same concept, the meaning is perfectly preserved. There's no ambiguity or misunderstanding possible here.

The user mentioned a score of 100 is perfect. Since the translation is exact and maintains the original meaning and grammar, I think this should be a 100. There's no room for improvement here because it's a single word with no additional context.
</think>

<answer>
100
</answer>",en-es
"Score the following translation from English to Spanish on a continuous scale from 0 to 100,
where a score of zero (0) means ""no meaning preserved"" and score of one hundred (100) means ""perfect meaning and grammar"".

[Start of Source Text]
After changing into the small uniform, I helped around the bar a bit, it was pretty easy aside from the constant flirting and cat-calling from the people within the bar; but it didn’t really bother me that much to be honest. I’ll talk to Anton after this shift, I still really need to get Al off my mind, though I know I’ll still investigate his place after this, but still…
[End of Source Text]

[Start of Translation]
Después de cambiarme de ropa pequeña, ayudé un poco en la barra, fue bastante fácil, salvo por el constante coqueteo y el llamado de atención de la gente en la barra; pero no me molestó demasiado. Hablaré con Anton después de esta jornada, aún necesito deshacerme de Al de mi mente, aunque sé que investigaré su lugar después, pero aún…
[End of Translation]

Your answer should be a number like 0 or 1 or 2 or ... or 100, depending on your judgement.","<think>
Okay, let's evaluate this translation. First, I need to check if the meaning is preserved. The source text talks about changing into a small uniform, helping around the bar, the challenges of flirting and cat-calling, not being bothered much, talking to Anton after the shift, needing to get Al off their mind, and still investigating his place.

Looking at the Spanish translation: ""Después de cambiarme de ropa pequeña..."" – ""changing into the small uniform"" is translated as ""cambiarme de ropa pequeña"", which is a bit literal. ""Ropa pequeña"" is ""small clothes"", but maybe ""uniforme pequeño"" would be more accurate. However, the original says ""small uniform"", so ""ropa pequeña"" might be acceptable, but it's a bit unclear. 

Next, ""helped around the bar a bit"" is ""ayudé un poco en la barra"". That seems okay. ""Fue bastante fácil, salvo por el constante coqueteo y el llamado de atención de la gente en la barra"" – ""constant flirting and cat-calling"" is translated as ""coqueteo y llamado de atención"", which is correct. 

Then, ""but it didn’t really bother me that much to be honest."" The translation is ""pero no me molestó demasiado."" That's accurate. 

""I’ll talk to Anton after this shift"" is ""Hablaré con Anton después de esta jornada."" ""Jornada"" is ""shift"" in a work context, so that's good. 

""I still really need to get Al off my mind"" becomes ""aún necesito deshacerme de Al de mi mente."" ""Deshacerme de"" is ""get rid of"", which works here. 

""Though I know I’ll still investigate his place after this, but still…"" translates to ""aunque sé que investigaré su lugar después, pero aún…"" The structure is correct, and the meaning is clear.

Now, checking grammar and syntax. The Spanish sentences are mostly correct. However, ""cambiarme de ropa pequeña"" might be better as ""cambiarme al uniforme pequeño"" for clarity. Also, ""jornada"" is a bit more formal than ""turno"" (shift), but it's acceptable. 

The translation captures the nuances of the original text, including the speaker's feelings and the sequence of events. There are minor grammatical points that could be improved, but overall, the meaning is well-preserved. The score should be high, maybe 85-90. However, since there are some slight issues with phrasing, perhaps 85.
</think>

<answer>
85
</answer>",en-es
"Score the following translation from English to Spanish on a continuous scale from 0 to 100,
where a score of zero (0) means ""no meaning preserved"" and score of one hundred (100) means ""perfect meaning and grammar"".

[Start of Source Text]
Scott Brewster, managing director, who set up the business in 2017 alongside his father, Alex, said: ""It's increasingly clear that the construction sector in Scotland appreciates the need to reduce the amount of natural resources that the industry uses and the amount of carbon it emits while increasing use of recycled and secondary materials. The volume of construction, demolition and excavation waste that's been recycled over the last six years has grown enormously, and our investment into this second site demonstrates that there's room for a further expansion in this area.
[End of Source Text]

[Start of Translation]
Scott Brewster, director gerente, que creó la empresa en 2017 junto a su padre, Alex, ha declarado: ""Cada vez está más claro que el sector de la construcción en Escocia aprecia la necesidad de reducir la cantidad de recursos naturales que utiliza la industria y la cantidad de carbono que emite, al tiempo que aumenta el uso de materiales reciclados y secundarios. El volumen de residuos de construcción, demolición y excavación que se ha reciclado en los últimos seis años ha crecido enormemente, y nuestra inversión en este segundo emplazamiento demuestra que hay margen para una mayor expansión en este ámbito"".
[End of Translation]

Your answer should be a number like 0 or 1 or 2 or ... or 100, depending on your judgement.","<think>
Okay, let's start by looking at the source text and the translation. The source is a quote from Scott Brewster, the managing director of a company he co-founded with his father in 2017. The main points are about the construction sector in Scotland valuing the need to reduce natural resources and carbon emissions while using more recycled materials. The translation mentions the growth in recycled waste over six years and the investment in a second site showing potential for expansion.

First, I check if the key information is accurately conveyed. The names and titles are correctly translated: ""managing director"" becomes ""director gerente,"" which is appropriate. ""Set up the business in 2017 alongside his father, Alex"" is translated as ""creó la empresa en 2017 junto a su padre, Alex,"" which is correct. The quote structure is maintained, so that's good.

Next, the content of the quote. The original talks about the construction sector appreciating the need to reduce resources and carbon emissions while increasing recycled materials. The translation uses ""aprecia la necesidad de reducir la cantidad de recursos naturales que utiliza la industria y la cantidad de carbono que emite, al tiempo que aumenta el uso de materiales reciclados y secundarios."" That seems accurate, though ""materiales reciclados y secundarios"" might be a bit more literal than ""secondary materials,"" but it's understandable.

Then, the part about the volume of waste recycled growing enormously. The translation says ""El volumen de residuos... que se ha reciclado en los últimos seis años ha crecido enormemente,"" which matches the original. The mention of investment in a second site and potential expansion is also correctly translated: ""nuestra inversión en este segundo emplazamiento demuestra que hay margen para una mayor expansión en este ámbito.""

Now, checking for grammar and syntax. The Spanish sentences are structured correctly. The use of ""al tiempo que"" for ""while"" is appropriate. The tenses and pronouns are correctly used. The only possible minor issue might be ""materiales reciclados y secundarios"" where ""secondary materials"" could be ""materiales secundarios"" but ""reciclados"" is also correct as it's about recycled materials. However, the term ""secondary materials"" in the original might refer to materials that are not primary, like recycled ones, so ""materiales reciclados y secundarios"" is a bit redundant but not incorrect.

Are there any omissions or additions? The original mentions ""the amount of carbon it emits,"" which is translated as ""la cantidad de carbono que emite,"" which is correct. The translation seems to capture all the points without adding or omitting information.

So, the translation is accurate, maintains the original meaning, and has correct grammar. The only possible slight issue is the redundancy in ""materiales reciclados y secundarios,"" but that's a minor point. Therefore, the score should be high, maybe 95 or 98. However, since the user might consider that as a minor flaw, perhaps 95. But given that the translation is almost perfect, maybe 98. Wait, but the original says ""secondary materials,"" which in some contexts could be ""materiales secundarios,"" but the translation uses ""reciclados y secundarios,"" which is a bit more than necessary. However, in Spanish, ""materiales reciclados"" is correct for recycled materials, and ""secundarios"" might not be needed. But since the original says ""recycled and secondary materials,"" the translation includes both, even if it's a bit redundant. But that's a minor issue. So overall, the translation is very good, so a high score. Maybe 95. Alternatively, if the redundancy is considered a flaw, maybe 93. But I think the translation is mostly accurate, so I'll go with 95.
</think>

<answer>
95
</answer>",en-es
"Score the following translation from English to Spanish on a continuous scale from 0 to 100,
where a score of zero (0) means ""no meaning preserved"" and score of one hundred (100) means ""perfect meaning and grammar"".

[Start of Source Text]
2. HTML for section 7
[End of Source Text]

[Start of Translation]
2. HTML para la sección 7
[End of Translation]

Your answer should be a number like 0 or 1 or 2 or ... or 100, depending on your judgement.","<think>
Okay, let's evaluate this translation. The source text is ""2. HTML for section 7"" and the translation is ""2. HTML para la sección 7"". 

First, I need to check if the meaning is preserved. The original is a heading or a label indicating that the next content is about HTML related to section 7. The translation uses ""para la sección 7"", which directly translates to ""for section 7"". That seems correct.

Next, grammar. In Spanish, ""para"" is the correct preposition to use here, meaning ""for"". The structure ""2. HTML para la sección 7"" is grammatically correct. There's no error in the sentence structure.

Are there any issues with the translation? The number 2 is correctly placed as a list item. ""HTML"" is kept as is, which is appropriate since it's an acronym. ""Sección"" is the correct noun for ""section"" in Spanish. The phrase ""para la sección 7"" accurately conveys the same meaning as ""for section 7"".

I don't see any omissions or additions that alter the original meaning. The translation is straightforward and accurate. There's no ambiguity here. So, the translation seems to preserve both the meaning and the grammar perfectly. Therefore, the score should be high. Since there's no mistake, I would give it a 100.
</think>

<answer>
100
</answer>",en-es
"Score the following translation from English to Spanish on a continuous scale from 0 to 100,
where a score of zero (0) means ""no meaning preserved"" and score of one hundred (100) means ""perfect meaning and grammar"".

[Start of Source Text]
Being a more normal-looking Thraki, Tenuk now had proper plates of scales running down his back, but he'd also conveniently grown a pair of spikes on his back for Kayel to hold on to. It took a little too long for Tenuk to get airborne, but once he was in the air, he quickly orientated himself and tried to give chase.
[End of Source Text]

[Start of Translation]
Al ser un Thraki de apariencia más normal, Tenuk ahora tenía placas de escamas adecuadas recorriendo su espalda, pero también le habían crecido convenientemente un par de púas en su espalda para que Kayel pudiera agarrarse. A Tenuk le tomó demasiado tiempo despegar, pero una vez que estuvo en el aire, rápidamente se orientó y trató de perseguirlo.
[End of Translation]

Your answer should be a number like 0 or 1 or 2 or ... or 100, depending on your judgement.","<think>
Okay, let's evaluate this translation. First, I need to check if the meaning is preserved. The source text talks about Tenuk being a more normal-looking Thraki with proper scales and spikes for Kayel to hold on to. The translation uses ""Thraki de apariencia más normal"" which seems correct. ""Placas de escamas adecuadas recorriendo su espalda"" – ""placas"" is good for ""plates"", ""escamas"" for scales. ""Convenientemente"" is used for ""conveniently"", which matches the original. The part about the spikes being for Kayel to hold on to is translated as ""para que Kayel pudiera agarrarse"", which is correct.

Next, the second part: Tenuk taking too long to get airborne, then orientating and trying to chase. The translation says ""le tomó demasiado tiempo despegar"" which is accurate. ""Rápidamente se orientó y trató de perseguirlo."" ""Orientarse"" is correct for ""orientate himself"", and ""perseguirlo"" is ""chase"". 

Now, grammar and syntax. The Spanish sentences are structured correctly. The verbs agree with the subjects. The use of ""para que"" is correct in the second sentence. The tenses match the original. 

Are there any issues? Maybe ""placas de escamas adecuadas recorriendo su espalda"" – ""recorriendo"" might be a bit odd. The original says ""running down his back"", so ""recorriendo"" could be a bit literal. Maybe ""recorriendo"" is okay, but perhaps ""sobre su espalda"" would be better. However, the translation uses ""placas de escamas adecuadas recorriendo su espalda"", which is understandable. 

Another point: ""le habían crecido convenientemente un par de púas"" – ""le habían crecido"" is past perfect, but the original uses ""had grown"", so that's correct. 

Overall, the translation seems accurate. The meaning is preserved, and the grammar is correct. I don't see any major issues. So a high score, maybe 90-95. But wait, maybe ""recorriendo"" is a bit off. Let me check again. The original says ""proper plates of scales running down his back"". The translation uses ""placas de escamas adecuadas recorriendo su espalda"". ""Recorriendo"" is ""running down"", so that's correct. 

I think the translation is very good. Maybe 95. But maybe 90 because of ""recorriendo"". Alternatively, maybe 95. Let me check another part. ""trató de perseguirlo"" – ""tratar de perseguirlo"" is ""try to chase"", which matches ""tried to give chase"". So that's correct. 

I think the translation is excellent. Score 95.
</think>

<answer>
95
</answer>",en-es
"Score the following translation from English to Spanish on a continuous scale from 0 to 100,
where a score of zero (0) means ""no meaning preserved"" and score of one hundred (100) means ""perfect meaning and grammar"".

[Start of Source Text]
“Well I didn’t.” Ivory found the art supplies on their list and put it in a crate that they found. “And I’m not a girl.”
[End of Source Text]

[Start of Translation]
""Pues yo no"". Ivory encontró el material de su lista y lo puso en un cajón que había por allí. ""Y no soy una chica"".
[End of Translation]

Your answer should be a number like 0 or 1 or 2 or ... or 100, depending on your judgement.","<think>
Okay, let's evaluate this translation. First, I need to check if the meaning is preserved. The original text is a dialogue with Ivory stating two things: ""Well I didn't"" and ""And I'm not a girl."" The Spanish translation starts with ""Pues yo no"", which is a correct way to say ""Well I didn't"" in Spanish. The next part is ""Ivory encontró el material de su lista y lo puso en un cajón que había por allí."" Here, ""material de su lista"" translates to ""art supplies on their list,"" which seems accurate. ""Lo puso en un cajón que había por allí"" is ""put it in a crate that they found,"" but ""cajón"" is a chest or box, not a crate. However, in some contexts, ""cajón"" can be used informally for a crate, so maybe that's acceptable. 

Then the second sentence: ""Y no soy una chica."" This directly translates to ""And I'm not a girl,"" which is correct. The grammar in the translation seems correct. The use of ""pues"" for ""well"" is appropriate. The structure of the sentences matches the original. However, ""cajón"" might be a slight misinterpretation of ""crate,"" but given the context, it's not a major error. The dialogue tags are correctly placed. So overall, the translation is accurate in meaning and grammar. I think it's a 90 or 95. But maybe there's a minor issue with ""cajón"" versus ""caja"" or ""cristalero,"" but since the original says ""crate,"" ""cajón"" is a bit off. However, in casual speech, ""cajón"" can be used for a crate. So I'd say 90.
</think>

<answer>
90
</answer>",en-es
"Score the following translation from English to Spanish on a continuous scale from 0 to 100,
where a score of zero (0) means ""no meaning preserved"" and score of one hundred (100) means ""perfect meaning and grammar"".

[Start of Source Text]
More than 4.5 billion years ago, the Milky Way galaxy collided with a nearby dwarf galaxy. This encounter hastened the formation of stars. Our solar system is a part of the Milky Way Galaxy. Within the Solar System, material circulation had been progressing.
[End of Source Text]

[Start of Translation]
Hace más de 4.500 millones de años, la galaxia Vía Láctea colisionó con una galaxia enana cercana. Este encuentro aceleró la formación de estrellas. Nuestro sistema solar es parte de la Vía Láctea. Dentro del sistema solar, la circulación de material había ido progresando.
[End of Translation]

Your answer should be a number like 0 or 1 or 2 or ... or 100, depending on your judgement.","<think>
Okay, let's start by looking at the source text and the translation. The source is about the Milky Way galaxy colliding with a dwarf galaxy, which led to faster star formation, and mentions the solar system being part of the Milky Way with material circulation in the solar system.

The translation seems to accurately convey the main points. ""More than 4.5 billion years ago"" is translated as ""Hace más de 4.500 millones de años,"" which is correct. The term ""dwarf galaxy"" is ""galaxia enana,"" which is right. The phrase ""hastened the formation of stars"" becomes ""aceleró la formación de estrellas,"" which is a good match. 

Next, ""Our solar system is a part of the Milky Way Galaxy"" translates to ""Nuestro sistema solar es parte de la Vía Láctea."" That's accurate. Then, ""material circulation had been progressing"" is ""la circulación de material había ido progresando."" The verb tense here is correct, using the past perfect (""había ido progresando"") to match ""had been progressing.""

I need to check if there are any minor issues. The translation uses ""galaxia enana"" for ""dwarf galaxy,"" which is correct. The structure of the sentences is clear and grammatically correct in Spanish. The terms used are standard in astronomical contexts. 

Is there anything that might slightly reduce the score? Maybe the use of ""galaxia enana"" could be more precise, but ""dwarf galaxy"" is commonly translated as ""galaxia enana."" The time expression ""más de 4.500 millones de años"" is correct. The verb tenses are properly maintained. 

I don't see any errors in the translation. It's accurate, clear, and maintains the original meaning. So the score should be high. Maybe 95 or 100. But wait, the original says ""had been progressing,"" which is past perfect continuous. The translation uses ""había ido progresando,"" which is the past perfect of ""ir,"" so that's correct. 

Everything seems to be in order. The translation is precise and well-structured. I think it's a perfect translation, so the score should be 100.
</think>

<answer>
100
</answer>",en-es
"Score the following translation from English to Spanish on a continuous scale from 0 to 100,
where a score of zero (0) means ""no meaning preserved"" and score of one hundred (100) means ""perfect meaning and grammar"".

[Start of Source Text]
First of all, what we're going to do is just mix this paint up. It mixes one to one with a producer and we just mix it up like we normally would painting anything. So I have two ounces of paint here, so I'm going to put two ounces of reducer. We're going to start up. Now it's ready to put in the gut and spray.
[End of Source Text]

[Start of Translation]
Primero que todo, lo que vamos a hacer es mezclar esta pintura. Se mezcla uno a uno con un productor y solo lo mezclamos como normalmente pintaríamos cualquier cosa. Entonces tengo dos onzas de pintura aquí, así que voy a poner dos onzas de reductor. Ahora está listo para poner en el intestino y rociar.
[End of Translation]

Your answer should be a number like 0 or 1 or 2 or ... or 100, depending on your judgement.","<think>
Okay, let's see. I need to evaluate this Spanish translation from the given English text. Let me start by reading both the source and the translation carefully.

The source text is about mixing paint with a reducer in a 1:1 ratio, using two ounces of paint and two ounces of reducer. The speaker mentions putting it into the gut and spraying. The translation seems to convey the same steps but I need to check for accuracy in terms of meaning, grammar, and terminology.

First, ""First of all, what we're going to do is just mix this paint up."" The translation starts with ""Primero que todo, lo que vamos a hacer es mezclar esta pintura."" That seems correct. ""First of all"" is ""primero que todo,"" and ""mix this paint up"" is ""mezclar esta pintura."" The structure is okay.

Next sentence: ""It mixes one to one with a producer and we just mix it up like we normally would painting anything."" The translation says ""Se mezcla uno a uno con un productor y solo lo mezclamos como normalmente pintaríamos cualquier cosa."" Wait, ""producer"" here is probably ""producir"" (to produce), but in the context of mixing paint, maybe ""productor"" refers to a manufacturer or a specific type of product. However, ""one to one with a producer"" might be a bit unclear. The original says ""mixes one to one with a producer,"" which could mean the ratio is 1:1 with a producer (maybe a type of additive?), but the translation uses ""un productor,"" which is ""a producer."" That might not be the best term here. Maybe it should be ""con un aditivo"" (with an additive) or ""con un diluyente"" (with a reducer), but the original says ""producer,"" which is confusing. However, the user might have intended ""producer"" as a noun here, so maybe it's okay.

Then, ""we just mix it up like we normally would painting anything."" The translation is ""solo lo mezclamos como normalmente pintaríamos cualquier cosa."" The phrase ""pintaríamos cualquier cosa"" is ""would paint anything,"" but the original says ""like we normally would painting anything."" The translation seems to capture the meaning, but the structure is a bit off. ""Como normalmente pintaríamos"" is ""as we would normally paint,"" which is close enough.

Next part: ""So I have two ounces of paint here, so I'm going to put two ounces of reducer."" The translation is ""Entonces tengo dos onzas de pintura aquí, así que voy a poner dos onzas de reductor."" That's accurate. ""Ounces"" is correctly translated as ""onzas,"" and ""reducer"" is ""reductor,"" which is correct in the context of paint.

Finally: ""Now it's ready to put in the gut and spray."" The translation says ""Ahora está listo para poner en el intestino y rociar."" ""Gut"" here is likely ""gut"" as in ""gut"" (a part of a machine or something), but in Spanish, ""gut"" is ""intestino"" (intestine), which is a literal translation. However, in the context of painting, ""gut"" might refer to a specific part of the equipment, like a ""gut"" in a spray gun. But ""intestino"" is a stretch. Alternatively, maybe ""gut"" is a typo or mistranslation. The original says ""put in the gut,"" which might be ""put into the gut"" as in a part of a machine, but ""intestino"" is not the right term. Maybe it should be ""en el tanque"" (into the tank) or ""en el depósito"" (into the reservoir). However, the translation uses ""intestino,"" which is incorrect. That's a problem.

So, the main issues are with ""gut"" being translated as ""intestino"" and ""producer"" as ""productor."" The rest of the translation is mostly accurate, but these two errors might lower the score. The grammar is mostly correct, but the terminology is off in those two places. The overall meaning is preserved, but there are some inaccuracies in specific terms. So, I'd say the translation is around 60-70. But considering that ""gut"" is a critical term here, maybe it's lower. However, if ""gut"" is a specific term in the context, maybe the translator used ""intestino"" as a direct translation, which is not correct. So, the score would be around 60.
</think>

<answer>
60
</answer>",en-es
"Score the following translation from English to Spanish on a continuous scale from 0 to 100,
where a score of zero (0) means ""no meaning preserved"" and score of one hundred (100) means ""perfect meaning and grammar"".

[Start of Source Text]
“Yes sir. There should be on their way now, we gave them time to grab rations from the mess” 	At 0500 sharp, Exodus company assembled at the motor pool. Shaw stepped onto a box and began to speak.
[End of Source Text]

[Start of Translation]
""Sí, señor. Deberían estar en camino ahora, les dimos tiempo para tomar raciones del comedor"". A las 0500 en punto, la compañía Exodus se reunió en el parque de vehículos. Shaw subió a una caja y comenzó a hablar.
[End of Translation]

Your answer should be a number like 0 or 1 or 2 or ... or 100, depending on your judgement.","<think>
Okay, let's evaluate this translation. First, I need to check if the meaning is preserved. The source text is a conversation where someone says ""Yes sir"" and mentions that people should be on their way now because they were given time to grab rations from the mess. Then it describes a military scenario with Exodus company assembling at the motor pool at 0500, Shaw stepping onto a box to speak.

Looking at the translation: ""Sí, señor. Deberían estar en camino ahora, les dimos tiempo para tomar raciones del comedor"". That seems accurate. ""Deberían estar en camino"" matches ""There should be on their way now"". ""Les dimos tiempo para tomar raciones del comedor"" translates to ""we gave them time to grab rations from the mess"", which is correct. The second part: ""A las 0500 en punto, la compañía Exodus se reunió en el parque de vehículos. Shaw subió a una caja y comenzó a hablar."" 

""0500 en punto"" is correct for ""0500 sharp"". ""La compañía Exodus se reunió en el parque de vehículos"" translates to ""Exodus company assembled at the motor pool"" – ""parque de vehículos"" is the right term for motor pool. ""Shaw subió a una caja y comenzó a hablar"" is ""Shaw stepped onto a box and began to speak"", which is accurate.

Now, checking grammar and syntax. The Spanish sentences are correctly structured. The use of ""en punto"" for ""sharp"" is correct. The verbs are in the right tense and form. The nouns are appropriately translated. 

Are there any minor issues? Maybe ""parque de vehículos"" is a bit literal; ""motor pool"" is a specific term, but ""parque de vehículos"" is the standard translation. Also, ""comedor"" for ""mess"" is correct. 

I don't see any errors in the translation. The meaning is preserved, and the grammar is correct. So the score should be high. Maybe 95 or 100? Wait, is there anything I missed? Let me check again. The original says ""we gave them time to grab rations from the mess"". The translation uses ""les dimos tiempo para tomar raciones del comedor"". ""Tomar raciones"" is correct for ""grab rations"". ""Del comedor"" is ""from the mess"". That's accurate. 

The second sentence: ""At 0500 sharp"" is ""A las 0500 en punto"" which is correct. ""Assembled at the motor pool"" is ""se reunió en el parque de vehículos"". All correct. 

So the translation is accurate and grammatically correct. I think it's a perfect score. But maybe 95? Wait, sometimes there can be nuances. But in this case, everything seems spot on. So I'll go with 100.
</think>

<answer>
100
</answer>",en-es
"Score the following translation from English to Spanish on a continuous scale from 0 to 100,
where a score of zero (0) means ""no meaning preserved"" and score of one hundred (100) means ""perfect meaning and grammar"".

[Start of Source Text]
“A FOB outside Ianlos. We are being sent to help support the ground assault” Cohren answered, taking a drag from his cigarette. Half of him blamed Craith for getting him into smoking, but a year of combat does a lot to you, so he didn’t say anything.
[End of Source Text]

[Start of Translation]
«Fuera de Ianlos. Nos están enviando para ayudar a apoyar el ataque en tierra.» contestó Cohren, haciendo un trago a su cigarrillo. La mitad de él culpaba a Craith de haberlo metido en el tabaco, pero un año de combate hace mucho daño, así que no dijo nada.
[End of Translation]

Your answer should be a number like 0 or 1 or 2 or ... or 100, depending on your judgement.","<think>
Okay, let's start by looking at the source text and the translation. The source is a dialogue from a story, so the translation needs to maintain the context and the nuances of the conversation.

First, the source says, ""A FOB outside Ianlos. We are being sent to help support the ground assault."" The translation starts with ""Fuera de Ianlos. Nos están enviando para ayudar a apoyar el ataque en tierra."" The term ""FOB"" is an acronym, probably ""Forward Operating Base,"" which in Spanish might not have a direct translation. The translation uses ""Fuera de Ianlos,"" which is ""Outside Ianlos,"" which seems accurate. However, ""FOB"" is a technical term, so maybe it's better to keep it as is or add a brief explanation. But since the translation doesn't include it, that's a possible issue. However, in some contexts, ""FOB"" might be understood as a place, so maybe it's acceptable.

Next, ""We are being sent to help support the ground assault."" The translation uses ""para ayudar a apoyar el ataque en tierra."" ""Apoyar"" is ""support,"" which is correct. ""Ataque en tierra"" is ""ground attack,"" which is accurate. So that part seems okay.

Then, the dialogue: ""Cohren answered, taking a drag from his cigarette."" The translation is ""contestó Cohren, haciendo un trago a su cigarrillo."" ""Haciendo un trago"" is ""taking a drag,"" which is correct. ""Cigarrillo"" is ""cigarette,"" so that's right.

Next part: ""Half of him blamed Craith for getting him into smoking..."" The translation is ""La mitad de él culpaba a Craith de haberlo metido en el tabaco..."" ""La mitad de él"" is ""half of him,"" which is correct. ""Culpaba"" is the correct past tense for ""blamed."" ""Haberlo metido en el tabaco"" is ""getting him into smoking,"" which is accurate. However, ""metido en el tabaco"" is a bit informal, but it's understandable.

Then, ""but a year of combat does a lot to you, so he didn’t say anything."" The translation is ""pero un año de combate hace mucho daño, así que no dijo nada."" ""Hace mucho daño"" is ""does a lot of damage,"" which is a bit more literal than ""does a lot to you,"" but it's still understandable. The phrase ""hace mucho daño"" is a common expression in Spanish for ""does a lot of damage,"" so that's okay. ""No dijo nada"" is correct for ""didn't say anything.""

Now, checking for grammar. The Spanish uses correct conjugations and structures. The past tense is correctly used in the dialogue. The sentence structure is clear. The only possible issue is the handling of ""FOB,"" but since it's a proper noun or acronym, it's acceptable to leave it as is. Also, ""hace mucho daño"" is a bit more direct than the original, but it's still accurate.

Are there any errors? The translation seems to capture the meaning accurately. The dialogue is properly rendered, and the nuances like the internal conflict of the character are maintained. The only minor point might be the use of ""hace mucho daño"" instead of ""hace mucho a ti,"" but that's a minor deviation and doesn't affect the overall meaning.

So, considering all that, the translation is quite accurate. It preserves the meaning, grammar, and context. I would give it a high score, maybe around 90-95. But since there's a slight difference in phrasing, maybe 90. However, the user might consider that ""hace mucho daño"" is acceptable. Alternatively, if the original ""does a lot to you"" is more about the effect on the person, then ""hace mucho daño"" is still correct. Therefore, I think the translation is very good, so a score of 95.
</think>

<answer>
95
</answer>",en-es
"Score the following translation from English to Spanish on a continuous scale from 0 to 100,
where a score of zero (0) means ""no meaning preserved"" and score of one hundred (100) means ""perfect meaning and grammar"".

[Start of Source Text]
it must suck to be these people. i can't imagine how awful their inner life must be
[End of Source Text]

[Start of Translation]
debe apestar ser esta gente. no puedo imaginar lo horrible que debe ser su vida interior.
[End of Translation]

Your answer should be a number like 0 or 1 or 2 or ... or 100, depending on your judgement.","<think>
Okay, let's evaluate this translation. The source text is in English, and the translation is into Spanish. The task is to score it from 0 to 100 based on meaning and grammar.

First, I'll read the original English text carefully. The first sentence is ""it must suck to be these people."" The phrase ""it must suck"" is informal, using ""suck"" as a slang term meaning ""to be terrible"" or ""to be a pain."" The second sentence is ""i can't imagine how awful their inner life must be,"" which is expressing that the inner life of these people is very bad.

Now, looking at the Spanish translation: ""debe apestar ser esta gente. no puedo imaginar lo horrible que debe ser su vida interior.""

Breaking it down. The first part: ""debe apestar ser esta gente."" The word ""apestar"" is a Spanish slang term that means ""to be a pain"" or ""to be terrible,"" similar to ""suck"" in English. However, the structure here is ""debe apestar ser esta gente."" The verb ""debe"" is ""must,"" but the phrase ""apestar ser"" seems a bit off. In Spanish, the structure would typically be ""ser apestar"" or ""apestar ser,"" but that might not be correct. Wait, maybe ""apestar"" is used as a verb here. Let me check. ""Apestar"" is a verb that means ""to be a pain,"" so ""debe apestar"" would mean ""must be a pain."" But the original says ""it must suck to be these people,"" which is more like ""It must be a pain to be these people."" So the structure ""debe apestar ser esta gente"" is a bit awkward. Maybe it should be ""debe ser apestar esta gente,"" but that's not quite right. Alternatively, ""debe apestar ser esta gente"" might not be the best phrasing. The original is ""it must suck to be these people,"" which is a bit more direct. The Spanish translation here is a bit forced, maybe.

Next sentence: ""no puedo imaginar lo horrible que debe ser su vida interior."" This translates to ""I can't imagine how horrible their inner life must be."" The words ""lo horrible"" is correct, but ""horrible"" is an adjective, so ""lo horrible"" is a noun form, which is not standard. In Spanish, you would say ""lo horrible"" as an adjective, but actually, ""horrible"" is an adjective, so ""lo horrible"" is incorrect. It should be ""lo horrible"" as a noun, but in Spanish, ""horrible"" is an adjective, so ""lo horrible"" would be an adjective phrase. Wait, no, ""lo horrible"" is actually correct in this context. For example, ""lo horrible que debe ser"" is a correct structure. So that part is okay.

So the first sentence is a bit awkward. The structure ""debe apestar ser esta gente"" is not the most natural. Maybe a better translation would be ""es una mierda ser esta gente"" (it's a pain to be this people) or ""debe ser una mierda ser esta gente."" But the current translation uses ""apestar"" which is a slang term, so that's acceptable. However, the structure is a bit off. The original is ""it must suck to be these people,"" which is more like ""It must be a pain to be these people."" The Spanish translation is ""debe apestar ser esta gente."" The verb ""apestar"" is used as a verb, but the structure is ""debe apestar ser esta gente,"" which is not the correct order. The correct structure would be ""ser apestar esta gente"" or ""debe ser apestar esta gente."" But that's not how it's phrased. So maybe the translation is slightly incorrect in structure, making it a bit less natural.

The second sentence is correct. ""No puedo imaginar lo horrible que debe ser su vida interior."" The use of ""lo horrible"" is correct as a noun form. However, ""horrible"" is an adjective, so ""lo horrible"" is an adjective phrase, which is acceptable in Spanish. So that part is okay.

So overall, the translation captures the meaning, but the first sentence has a grammatical issue with the structure. The use of ""apestar"" is correct, but the sentence structure is a bit off. The second sentence is correct. So the translation is mostly accurate but has a minor grammatical error in the first sentence. Therefore, the score would be around 80-85, but maybe lower because of the structure issue. However, since ""apestar"" is a slang term and the structure is not perfect, but the meaning is there, maybe a 75 or 80. Alternatively, if the structure is considered a minor issue, maybe 85. But I think the first sentence is a bit awkward. Let me check again. The original is ""it must suck to be these people."" The Spanish translation is ""debe apestar ser esta gente."" The verb ""apestar"" is used as a verb, but the structure is ""debe apestar ser esta gente."" That's not correct. The correct structure would be ""debe ser una mierda ser esta gente"" or ""ser apestar esta gente."" But the way it's written is ""debe apestar ser esta gente,"" which is not natural. So that's a problem. Therefore, the translation is not perfect, but the meaning is there. So maybe a 75. Alternatively, maybe 80. I think the main issue is the first sentence's structure. So I'd say around 75.
</think>

<answer>
75
</answer>",en-es
"Score the following translation from English to Spanish on a continuous scale from 0 to 100,
where a score of zero (0) means ""no meaning preserved"" and score of one hundred (100) means ""perfect meaning and grammar"".

[Start of Source Text]
Oh right, here is Sally Rooney latest essay
[End of Source Text]

[Start of Translation]
Ah sí, aquí está el último ensayo de Sally Rooney
[End of Translation]

Your answer should be a number like 0 or 1 or 2 or ... or 100, depending on your judgement.","<think>
Okay, let's see. I need to score this Spanish translation from the English text. The source is ""Oh right, here is Sally Rooney latest essay"" and the translation is ""Ah sí, aquí está el último ensayo de Sally Rooney.""

First, I'll check the meaning. The original says ""Oh right,"" which is ""Ah sí"" in Spanish. That's correct. ""Here is"" translates to ""aquí está,"" which matches. ""Sally Rooney latest essay"" – ""latest"" here is ""último,"" so ""el último ensayo de Sally Rooney."" That seems right. 

Now, grammar. The structure in Spanish is correct. The sentence is properly formed. ""Último"" is the correct adjective for ""latest,"" and ""ensayo"" is the right term for ""essay"" in this context. The name ""Sally Rooney"" is kept as is, which is appropriate.

Is there any issue? Maybe ""ensayo"" could be ""escrito"" if it's a written essay, but ""ensayo"" is commonly used for essays. Also, ""latest"" as ""último"" is accurate here. The translation is direct and accurate. No errors noticed. So I think it's a perfect translation. Score 100.
</think>

<answer>
100
</answer>",en-es
"Score the following translation from English to Spanish on a continuous scale from 0 to 100,
where a score of zero (0) means ""no meaning preserved"" and score of one hundred (100) means ""perfect meaning and grammar"".

[Start of Source Text]
The business also said it continued to see strong demand for vegan options, having recently brought back the vegan steak bake, as well as Christmas ranges, including its festive bake, chocolate orange muffin, and Christmas lunch baguette.
[End of Source Text]

[Start of Translation]
El direccio cufranén carjo with na dejha prisas de la demanda de Recciones de conviccion, sabiendo casado de nuevo the senso réplicaa de comeisco, como por ejempri, comenzaos de Cumdad, incluyendo retra zhafer de comeisco, mezquite de granito gablado, and bolsa de sapreozo de Cumdam.
[End of Translation]

Your answer should be a number like 0 or 1 or 2 or ... or 100, depending on your judgement.","<think>
Okay, let's tackle this translation evaluation. First, I need to understand both the source text and the translation. The source is about a business continuing to see strong demand for vegan options, specifically mentioning bringing back a vegan steak bake and Christmas ranges like a festive bake, chocolate orange muffin, and Christmas lunch baguette.

Now, looking at the translation: ""El direccio cufranén carjo with na dejha prisas de la demanda de Recciones de conviccion, sabiendo casado de nuevo the senso réplicaa de comeisco, como por ejempri, comenzaos de Cumdad, incluyendo retra zhafer de comeisco, mezquite de granito gablado, and bolsa de sapreozo de Cumdam."" 

Hmm, the first thing I notice is that the translation has a lot of made-up or non-Spanish words. Words like ""direccio cufranén"" don't make sense in Spanish. ""Carjo"" is a term from a different language, maybe a typo or a misspelling. Then there's ""Recciones de conviccion"" which seems like a mix of Spanish and another language. The phrase ""sabiendo casado de nuevo the senso réplicaa de comeisco"" is clearly not correct Spanish. 

The example items listed in the translation are ""comenzaos de Cumdad"", ""retra zhafer de comeisco"", ""mezquite de granito gablado"", and ""bolsa de sapreozo de Cumdam"". These don't correspond to the actual products mentioned in the source text. For instance, the source mentions ""vegan steak bake"", ""festive bake"", ""chocolate orange muffin"", and ""Christmas lunch baguette"". The translation's examples are nonsensical and not related to these items.

Grammar-wise, the structure is completely off. The sentence structure in Spanish is not correct, with incorrect verb conjugations and prepositions. The use of ""with na dejha prisas"" is not Spanish. Also, the translation seems to be using a mix of Spanish and other languages, possibly a result of a machine translation error or a deliberate attempt to create a fictional text.

In terms of meaning preservation, the translation doesn't convey the original message at all. The source talks about a business seeing strong demand for vegan options and specific products, but the translation is a jumble of words that don't make sense in Spanish. There's no indication of the products mentioned, and the verbs are not correctly used.

So, considering all these factors—incorrect vocabulary, wrong grammar, lack of coherent meaning—the translation is clearly not preserving the meaning or grammar of the source text. It's almost impossible to understand, and there's no effort to translate the content accurately. Therefore, the score should be very low, probably around 0-10. However, since the user wants a continuous scale, maybe 5? But given the complete lack of coherence, maybe even lower. Wait, the user said 0 is no meaning preserved. Since the translation is completely nonsensical, I think 0 is appropriate. But maybe 10? No, because even 10 is a bit high. But the problem is that the translation is so bad that it's not even close to any meaningful translation. So I would say 0.
</think>

<answer>
0
</answer>",en-es
"Score the following translation from English to Spanish on a continuous scale from 0 to 100,
where a score of zero (0) means ""no meaning preserved"" and score of one hundred (100) means ""perfect meaning and grammar"".

[Start of Source Text]
How did you very early on, considered or realized that, well, engineering, is just part of the challenge, especially that we're taught as engineers that we're dealing with issues, right? And we're finding solutions. That's our job. How did you came across that so early on? Well, it was a strange coincidence, so to speak. Of course, I grew up in the 1970s. I gained my political consciousness, as well as my academic understanding in the 1970s and that context matters, of course, massively.
[End of Source Text]

[Start of Translation]
¿Cómo te diste cuenta muy temprano, o consideraste, que la ingeniería es solo una parte del desafío, especialmente cuando se nos enseña como ingenieros que estamos lidiando con problemas, ¿verdad? Y que estamos encontrando soluciones. Ese es nuestro trabajo. ¿Cómo te encontraste con eso tan temprano? Bueno, fue una extraña coincidencia, por así decirlo. Por supuesto, crecí en los años 70. Adquirí mi conciencia política, así como mi comprensión académica en los años 70, y ese contexto importa, por supuesto, enormemente.
[End of Translation]

Your answer should be a number like 0 or 1 or 2 or ... or 100, depending on your judgement.","<think>
Okay, let's start by reading both the source text and the translation carefully. The source is a conversation where someone is reflecting on how they realized engineering is part of a larger challenge, especially during the 1970s. The translation needs to capture the meaning, tone, and nuances accurately.

First, I'll check for grammatical accuracy. The Spanish translation seems mostly correct. Words like ""diste cuenta"" (realized) and ""lidiando con problemas"" (dealing with problems) are appropriate. The structure of the sentences in Spanish mirrors the English, which is good. However, there might be some minor issues. For example, ""te diste cuenta muy temprano, o consideraste"" – the use of ""o consideraste"" might be a bit redundant since ""diste cuenta"" already implies realization. But it's not a major error.

Next, I'll look at the meaning. The original talks about how the person realized early on that engineering is part of a challenge, especially since engineers are taught to deal with problems and find solutions. The translation captures that: ""la ingeniería es solo una parte del desafío, especialmente cuando se nos enseña como ingenieros que estamos lidiando con problemas, ¿verdad?"" That seems accurate. The part about growing up in the 1970s and gaining political and academic consciousness is also well-translated.

Tone and flow: The translation maintains the conversational tone of the original. Phrases like ""por así decirlo"" (to put it another way) and ""extraña coincidencia"" (strange coincidence) are correctly used. The sentence structure in Spanish is natural and flows well, even if it's a bit longer than the original.

Potential issues: The phrase ""te diste cuenta muy temprano, o consideraste"" might be slightly awkward. ""Consideraste"" is a bit redundant here because ""diste cuenta"" already implies realization. However, it's not a critical error. Also, ""adquirí mi conciencia política, así como mi comprensión académica"" is a bit wordy but still clear.

Overall, the translation is accurate and preserves the meaning. The only minor issues are in the phrasing, but they don't significantly affect the overall message. The grammar is correct, and the context is well-represented. I'd give this a high score, maybe around 90, because it's very close to perfect but has a few minor nuances that could be improved slightly.
</think>

<answer>
90
</answer>",en-es
"Score the following translation from English to Spanish on a continuous scale from 0 to 100,
where a score of zero (0) means ""no meaning preserved"" and score of one hundred (100) means ""perfect meaning and grammar"".

[Start of Source Text]
(Though do mention you recognise me off the internet otherwise I'll be wondering who you are and where I know you from)
[End of Source Text]

[Start of Translation]
(Aunque sí menciona que me reconoces de internet, de lo contrario me preguntaré quién eres y de dónde te conozco)
[End of Translation]

Your answer should be a number like 0 or 1 or 2 or ... or 100, depending on your judgement.","<think>
Okay, let's evaluate this translation. The source text is a bit of a complex sentence. The original says, ""Though do mention you recognise me off the internet otherwise I'll be wondering who you are and where I know you from."" 

First, I need to understand the meaning. The speaker is saying that if the other person doesn't mention recognizing them online, the speaker will be confused about who they are and where they know them from. The structure is a bit informal and a bit awkward in English, which might make translation tricky.

Looking at the Spanish translation: ""Aunque sí menciona que me reconoces de internet, de lo contrario me preguntaré quién eres y de dónde te conozco."" 

Breaking it down. The first part ""Aunque sí menciona que me reconoces de internet"" translates to ""Although you do mention that you recognize me online."" That seems to capture the first part of the original. The second part ""de lo contrario me preguntaré quién eres y de dónde te conozco"" is ""otherwise I will ask who you are and where I know you from."" 

Now, checking for accuracy. The original uses ""you recognise me off the internet"" which is a bit non-standard. The translation uses ""reconoces de internet"" which is correct. The structure ""Aunque sí menciona que..."" is a bit more formal than the original, but that's okay because the original is a bit informal. 

The phrase ""me preguntaré quién eres"" is ""I will ask who you are,"" which is correct. However, the original says ""I'll be wondering,"" which is more like ""estar pensando"" or ""dudar,"" but ""preguntaré"" is a direct translation. However, the original is more about being confused rather than directly asking. 

But the translation does convey the intended meaning. The grammar is correct. The use of ""de lo contrario"" is appropriate. The only possible issue is that ""me preguntaré"" might be slightly off in tone compared to the original's more uncertain tone. But in Spanish, ""preguntaré"" is acceptable. 

So, considering the meaning is preserved, grammar is correct, and the structure is accurate, even if the tone is slightly different, the translation is quite good. I'd say a score of 85 or 90. But maybe 85 because of the slight tonal difference. Wait, but the original is a bit awkward, and the translation is more formal. However, the meaning is clear. Maybe 90. Alternatively, if the original's ""I'll be wondering"" is better translated as ""estar pensando"" or ""dudar,"" but the translation uses ""preguntaré,"" which is correct. 

I think the translation is accurate and grammatically correct. So, a high score. Maybe 90. But I need to check again. The original is a bit of a run-on sentence. The translation splits it into two parts, which is fine. The meaning is clear. So, I'll go with 90.
</think>

<answer>
90
</answer>",en-es
"Score the following translation from English to Spanish on a continuous scale from 0 to 100,
where a score of zero (0) means ""no meaning preserved"" and score of one hundred (100) means ""perfect meaning and grammar"".

[Start of Source Text]
The content could be streamed like this, and then the browser would inject each <contents> into its <div>.
[End of Source Text]

[Start of Translation]
El contenido podría reproducirse así, y el navegador inyectaría cada <contents> en su <div>.
[End of Translation]

Your answer should be a number like 0 or 1 or 2 or ... or 100, depending on your judgement.","<think>
Okay, let's evaluate this translation. The source text is in English, and the translation is into Spanish. I need to check if the meaning and grammar are preserved.

First, the source says ""The content could be streamed like this, and then the browser would inject each <contents> into its <div>."" The translation is ""El contenido podría reproducirse así, y el navegador inyectaría cada <contents> en su <div>.""

Looking at the first part: ""The content could be streamed like this"" translates to ""El contenido podría reproducirse así."" The verb ""streamed"" is translated as ""reproducirse,"" which means ""to reproduce"" or ""to play."" But ""streamed"" in this context refers to streaming content, so maybe ""reproducirse"" is a bit off. However, ""reproducirse"" can also mean ""to be reproduced,"" which might be acceptable in a technical context. Alternatively, ""transmitirse"" or ""transmitir"" might be more accurate for ""streamed,"" but ""reproducirse"" is used here.

Next part: ""and then the browser would inject each <contents> into its <div>."" The translation uses ""inyectaría cada <contents> en su <div>."" The verb ""inject"" is correctly translated as ""inyectar,"" and ""into its <div>"" is ""en su <div>."" The use of ""su"" (its) is correct here. The tags <contents> and <div> are kept as they are, which is good because they are likely HTML tags and should remain unchanged.

Now, checking for grammar. The structure of the sentences in Spanish seems correct. The conditional ""podría"" and ""inyectaría"" are correctly used. The pronoun ""su"" refers to the browser, which is correct.

However, ""reproducirse"" might not be the best choice for ""streamed."" In technical contexts, ""streamed"" could be better translated as ""transmitirse"" or ""transmitir,"" but ""reproducirse"" is still understandable. The difference here is subtle, but it might affect the accuracy slightly.

Another point is the use of ""reproducirse"" in the first part. If the original meant ""streamed"" as in continuous media streaming, then ""transmitirse"" might be more appropriate. But since the translation uses ""reproducirse,"" which is a bit more about reproduction, it's a minor issue.

Overall, the translation is accurate in terms of grammar and structure. The technical terms like <contents> and <div> are preserved. The only possible issue is the choice of ""reproducirse"" instead of a more precise term for ""streamed."" However, given that the translation is in Spanish and the context is technical, ""reproducirse"" is acceptable, though not perfect. 

Considering all factors, I'd say the translation scores around 85-90. But since the user might expect a more precise term, maybe 85. However, if the slight discrepancy is considered minor, it could be 90. But given that ""reproducirse"" is not the exact equivalent of ""streamed,"" perhaps 85 is more accurate. Wait, but in the context of a browser, ""streamed"" could be ""transmitirse"" or ""transmitir."" However, the translation uses ""reproducirse,"" which is understandable but not exact. So maybe 85 is a fair score.
</think>

<answer>
85
</answer>",en-es
"Score the following translation from English to Spanish on a continuous scale from 0 to 100,
where a score of zero (0) means ""no meaning preserved"" and score of one hundred (100) means ""perfect meaning and grammar"".

[Start of Source Text]
finished putting up rabbit fence. It's sunk 6 inches underground I very much expect it to keep rabbits out
[End of Source Text]

[Start of Translation]
Terminé de colocar la valla para conejos, que se encuentra enterrada seis pulgadas bajo tierra, y espero que sirva para mantener alejados a los conejos.
[End of Translation]

Your answer should be a number like 0 or 1 or 2 or ... or 100, depending on your judgement.","<think>
Okay, let's see. I need to evaluate this Spanish translation of the English text. The source is about finishing a rabbit fence that's sunk 6 inches underground and expecting it to keep rabbits out. The translation provided is: ""Terminé de colocar la valla para conejos, que se encuentra enterrada seis pulgadas bajo tierra, y espero que sirva para mantener alejados a los conejos.""

First, I'll check the grammar. The verbs are correctly conjugated. ""Terminé"" is past tense, which matches ""finished."" ""Colocar"" is the right verb for ""put up."" The phrase ""que se encuentra enterrada"" translates ""that is sunk"" correctly. ""Seis pulgadas bajo tierra"" is accurate for ""6 inches underground."" The second part, ""espero que sirva para mantener alejados a los conejos,"" translates ""I very much expect it to keep rabbits out."" The structure here is correct, using ""espero que"" for ""I expect"" and ""mantener alejados"" for ""keep out.""

Now, meaning. The original says the fence is sunk 6 inches underground, which the translation captures with ""enterrada seis pulgadas bajo tierra."" The expectation that it will keep rabbits out is also there. However, in the original, ""I very much expect"" is more emphatic. The translation uses ""espero que sirva,"" which is ""I hope it will work,"" but maybe ""very much expect"" could be ""espero mucho"" or ""me espero mucho,"" but the translation uses ""espero que sirva,"" which is correct but slightly less emphatic. However, in Spanish, ""espero que sirva"" is still a natural way to express that expectation.

Another point: ""valla para conejos"" is ""rabbit fence,"" which is correct. The structure of the sentences is clear and grammatically correct. There's no ambiguity in the translation. The only possible minor issue is the slight difference in emphasis between ""very much expect"" and ""hope it will work,"" but in Spanish, the translation is still accurate and natural. So, I think the translation is very good, maybe a 95 or 98. But maybe there's a small nuance lost. However, considering that the translation is accurate, clear, and grammatically correct, I'd say it's a high score. Maybe 95? Or 98? Wait, maybe ""sirva para mantener alejados"" is slightly different from ""keep rabbits out."" ""Mantener alejados"" is ""keep away,"" which is correct. So I think it's a perfect translation. Maybe 100? But the original says ""very much expect,"" which is more than just ""hope."" However, in Spanish, ""espero que sirva"" is a natural way to express that expectation. So I think the score is 100. Wait, but maybe ""very much expect"" is more like ""espero mucho que sirva,"" but the translation just says ""espero que sirva."" However, in Spanish, ""espero que sirva"" is still correct and conveys the intended meaning. So I think it's a perfect translation. Therefore, the score is 100.
</think>

<answer>
100
</answer>",en-es
"Score the following translation from English to Spanish on a continuous scale from 0 to 100,
where a score of zero (0) means ""no meaning preserved"" and score of one hundred (100) means ""perfect meaning and grammar"".

[Start of Source Text]
The best part of Hugging Face’s “The Stack” is that ~the majority of~ many of the repos it lists for me are — and always have been — private repos.
[End of Source Text]

[Start of Translation]
Lo mejor de ""The Stack"" de Hugging Face es que la mayoría de los repositorios que enumera para mí son, y siempre han sido, repositorios privados.
[End of Translation]

Your answer should be a number like 0 or 1 or 2 or ... or 100, depending on your judgement.","<think>
Okay, let's see. I need to evaluate the Spanish translation of the given English text. The source says that the best part of Hugging Face's ""The Stack"" is that many of the repos listed are private, and they've always been. The translation provided is: ""Lo mejor de 'The Stack' de Hugging Face es que la mayoría de los repositorios que enumera para mí son, y siempre han sido, repositorios privados.""

First, I'll check if the meaning is preserved. The original mentions ""the majority of many of the repos,"" which is a bit redundant, but the translation uses ""la mayoría de los repositorios,"" which accurately conveys that most of them are private. The structure seems correct.

Next, grammar. The Spanish sentence structure looks right. ""Lo mejor de... es que..."" is the correct way to start a sentence expressing that the best part is something. ""La mayoría de los repositorios que enumera para mí"" correctly translates ""the majority of the repos it lists for me."" The use of ""que enumera"" refers back to ""repositorios,"" which is correct. The phrase ""son, y siempre han sido, repositorios privados"" matches the original's ""are, and always have been, private repos.""

I notice that in the original, the phrase ""many of the repos"" is a bit awkward, but the translation simplifies it to ""la mayoría de los repositorios,"" which is more natural in Spanish and still conveys the same meaning. The translation doesn't include the redundant ""many of"" part, but that's okay because the main point is that most are private.

Are there any errors? The translation uses ""enumera"" which is the third person singular of ""enumerar,"" meaning ""lists,"" which matches ""it lists."" The pronoun ""que"" refers correctly to ""repositorios."" The tenses are correct: ""son"" (present) and ""han sido"" (past perfect) for ""are, and always have been.""

So, the translation is accurate, maintains the meaning, and has correct grammar. I don't see any issues. It's a bit concise compared to the original, but that's not a problem since the original had a slightly awkward phrasing. Therefore, I would score this a high mark, maybe 95 or 100. But wait, the original has ""many of the repos it lists for me are — and always have been — private repos."" The translation uses ""la mayoría de los repositorios que enumera para mí son, y siempre han sido, repositorios privados."" The ""many of the repos"" is translated as ""la mayoría de los repositorios,"" which is accurate. The ""it lists for me"" is ""que enumera para mí,"" which is correct. The ""private repos"" is ""repositorios privados,"" which is correct. The structure is clear and grammatically correct. So, I think this is a very good translation. Maybe 95? Or 100? Since the original's redundancy is handled well, and the translation is precise, I'd say 100.
</think>

<answer>
100
</answer>",en-es
"Score the following translation from English to Spanish on a continuous scale from 0 to 100,
where a score of zero (0) means ""no meaning preserved"" and score of one hundred (100) means ""perfect meaning and grammar"".

[Start of Source Text]
Fisheye is way overkill.
[End of Source Text]

[Start of Translation]
El ojo de pez es exagerado.
[End of Translation]

Your answer should be a number like 0 or 1 or 2 or ... or 100, depending on your judgement.","<think>
Okay, let's evaluate this translation. The source text is ""Fisheye is way overkill."" The translation given is ""El ojo de pez es exagerado.""

First, I need to understand both the original and the translated sentences. ""Fisheye"" here is a noun, referring to a type of lens or camera lens that creates a wide, distorted image. The phrase ""way overkill"" means that something is more than necessary, excessive.

In Spanish, ""El ojo de pez"" is a direct translation of ""Fisheye,"" which is correct. However, ""ojo de pez"" is a literal translation, but in Spanish, ""ojo de pez"" is actually a term used to describe a fisheye lens. So that part is accurate.

Now, the second part: ""is way overkill."" The translation uses ""es exagerado,"" which means ""is exaggerated."" But ""exaggerated"" doesn't exactly capture the nuance of ""overkill."" ""Overkill"" here implies that something is excessive in a way that's not needed, perhaps even harmful. ""Exagerado"" can mean exaggerated, but it might not convey the same level of excess or being too much. 

Alternatively, ""overkill"" could be translated as ""excesivo"" (excessive) or ""demasiado"" (too much). ""Exagerado"" is more about being overly emphasized, which might not be the best fit. However, in some contexts, ""exagerado"" can imply something is too much, so maybe it's acceptable. 

But considering the context, ""way overkill"" is a strong statement. ""Exagerado"" might not be the strongest equivalent. However, the translation is grammatically correct. The structure is correct, and the words used are appropriate. 

So, the translation is accurate in meaning, but the choice of ""exagerado"" might not be the most precise. However, since it's a direct translation and the words are correct, it's probably a 70 or so. But maybe 80? Because it's not perfect but it's understandable. Alternatively, maybe 75? Wait, the user says ""perfect meaning and grammar"" is 100. If the translation is correct but not perfect, maybe 80. But I need to check if ""exagerado"" is the right term here. 

Alternatively, maybe ""es excesivo"" would be better. But the given translation uses ""exagerado."" So, considering that, the translation is mostly correct but the word choice might not be the best. However, in some contexts, ""exagerado"" can be used to mean overkill. So maybe a 75? Or 80? I think 80 is reasonable because the translation is correct, but the word choice is slightly off. However, in some cases, ""exagerado"" can be acceptable. So I'll go with 80.
</think>

<answer>
80
</answer>",en-es
"Score the following translation from English to Spanish on a continuous scale from 0 to 100,
where a score of zero (0) means ""no meaning preserved"" and score of one hundred (100) means ""perfect meaning and grammar"".

[Start of Source Text]
A burst of laughter interrupted them. Thassalin was suddenly overly amused, but no one could work out what he was laughing about. It took a little too long for Thassalin to calm down.
[End of Source Text]

[Start of Translation]
Una carcajada los interrumpió. A Thassalin algo le hizo muchísima gracia de repente, pero nadie sabía de qué se estaba riendo. A Thassalin le llevó un buen rato calmarse.
[End of Translation]

Your answer should be a number like 0 or 1 or 2 or ... or 100, depending on your judgement.","<think>
Okay, let's evaluate this translation. First, I need to check if the meaning is preserved. The original text talks about a burst of laughter interrupting them, Thassalin being suddenly overly amused, and it taking too long for him to calm down.

The translation starts with ""Una carcajada los interrumpió."" That's good because ""burst of laughter"" is ""carcajada"" and ""interrupted them"" is ""interrumpió."" So that's accurate.

Next sentence: ""A Thassalin algo le hizo muchísima gracia de repente..."" The original says ""Thassalin was suddenly overly amused."" The translation uses ""algo le hizo muchísima gracia de repente,"" which conveys the suddenness and the excessive amusement. ""Muchísima gracia"" is a bit more intense than ""overly amused,"" but it's close enough.

Then, ""pero nadie sabía de qué se estaba riendo."" The original says ""no one could work out what he was laughing about."" This is a direct translation and accurate. ""Sabía de qué"" is ""knew what,"" so that's correct.

Last sentence: ""A Thassalin le llevó un buen rato calmarse."" The original says ""It took a little too long for Thassalin to calm down."" ""Llevó un buen rato"" is ""took a long time,"" which matches ""took a little too long."" However, ""un buen rato"" is a bit more casual than ""a little too long,"" but it's still understandable.

Now, checking grammar. The translation uses correct Spanish structures. The tenses and pronouns are appropriately used. For example, ""le hizo muchísima gracia"" correctly uses the indirect object pronoun ""le"" and the verb ""hacer gracia.""

Are there any issues? The phrase ""muchísima gracia"" might be slightly more emphatic than necessary, but it doesn't distort the meaning. The translation is clear and conveys the same message as the original. The only possible minor point is the slight variation in intensity, but overall, the translation is accurate and grammatically correct. I think this would score around 95, but maybe 90 if there's a slight nuance difference. Wait, but the user said ""perfect meaning and grammar"" is 100. Since the translation is almost perfect, maybe 95? Or is there something I missed? Let me check again. The original says ""suddenly overly amused,"" and the translation uses ""de repente"" and ""muchísima gracia,"" which captures the suddenness and the excessive amusement. The last sentence's ""un buen rato"" is a bit more colloquial, but still correct. So I think 95 is appropriate. Alternatively, maybe 90 because of that slight nuance. But I think the translation is very good. Maybe 95.
</think>

<answer>
95
</answer>",en-es
"Score the following translation from English to Spanish on a continuous scale from 0 to 100,
where a score of zero (0) means ""no meaning preserved"" and score of one hundred (100) means ""perfect meaning and grammar"".

[Start of Source Text]
Can't complain about any of that ^_^
[End of Source Text]

[Start of Translation]
No puedo quejarme de nada de eso ^_^
[End of Translation]

Your answer should be a number like 0 or 1 or 2 or ... or 100, depending on your judgement.","<think>
Okay, let's evaluate this translation. The source text is ""Can't complain about any of that ^_^"". The translation provided is ""No puedo quejarme de nada de eso ^_^"".

First, I need to check if the meaning is preserved. The original sentence is a bit informal, using ""Can't complain"" which is a common way to say that there's nothing to complain about. The Spanish translation uses ""No puedo quejarme de nada de eso"", which directly translates to ""I can't complain about anything of that"". The phrase ""nada de eso"" is a direct translation of ""any of that"", so the meaning seems to be maintained.

Next, grammar. The structure ""No puedo quejarme de nada de eso"" is grammatically correct in Spanish. The verb ""quejarse"" is used correctly with the preposition ""de"". The use of ""nada"" here is appropriate because it's used to negate something, and ""de eso"" refers back to the previous mention. The emoticon ^_^ is kept unchanged, which is good because it's part of the original's tone.

The original sentence is a bit casual, and the translation maintains that casual tone. There's no change in the message or intent. The only possible thing to check is if there's any nuance lost. However, ""nada de eso"" is a direct and accurate translation of ""any of that"". 

I don't see any errors in the translation. The grammar is correct, the meaning is preserved, and the tone is maintained. So I would give this a high score. Maybe 95 or 100? But since the original is very concise and the translation is spot on, I think 100 is appropriate.
</think>

<answer>
100
</answer>",en-es
"Score the following translation from English to Spanish on a continuous scale from 0 to 100,
where a score of zero (0) means ""no meaning preserved"" and score of one hundred (100) means ""perfect meaning and grammar"".

[Start of Source Text]
The Zoroastrian text, Veda, states that Yema built an underground city on the orders of the god Arua Mazda, to protect his people from a catastrophic winner. Much like the account of Noah in the Bible, Yima was instructed to collect pairs of the best animals and people as well as the best seeds in order to reseed the earth after the winter cataclysm. This was before the last Ice Age, 110,000 years ago.
[End of Source Text]

[Start of Translation]
El texto zoroástrico, Veda, afirma que Yema construyó una ciudad subterránea por orden del dios Arua Mazda, para proteger a su pueblo de un catastrófico ganador. Al igual que el relato de Noé en la Biblia, se le instruyó a Yima recolectar pares de los mejores animales y personas, así como las mejores semillas para volver a sembrar la tierra después del cataclismo invernal. Esto fue antes de la última Edad de Hielo, hace 110,000 años.
[End of Translation]

Your answer should be a number like 0 or 1 or 2 or ... or 100, depending on your judgement.","<think>
Okay, let's evaluate this translation. First, I need to check if the meaning is preserved. The source text talks about the Zoroastrian text Veda, Yema building an underground city under Arua Mazda's orders to protect his people from a catastrophic winner. Then it compares this to Noah's story, where Yima collects animals, people, and seeds to reseed the earth after a winter cataclysm, which was before the last Ice Age 110,000 years ago.

Looking at the translation: ""El texto zoroástrico, Veda, afirma que Yema construyó una ciudad subterránea por orden del dios Arua Mazda, para proteger a su pueblo de un catastrófico ganador."" The first part seems accurate. ""Veda"" is correctly translated as ""Veda"" since it's a proper noun. ""Yema"" is spelled correctly. ""Arua Mazda"" is the name of the god, so that's right. The phrase ""catastrófico ganador"" might be a bit off. The original says ""catastrophic winner,"" but ""ganador"" here is ""winner,"" which doesn't fit. The intended meaning is probably ""catastrophic event"" or ""catastrophe,"" so ""catastrófico"" is correct, but ""ganador"" is incorrect. That's a problem.

Next sentence: ""Al igual que el relato de Noé en la Biblia, se le instruyó a Yima recolectar pares de los mejores animales y personas, así como las mejores semillas para volver a sembrar la tierra después del cataclismo invernal."" This part seems okay. ""Recolectar pares"" is correct for ""collect pairs."" ""Mejores animales y personas"" matches ""best animals and people."" ""Semillas"" is ""seeds."" ""Volver a sembrar la tierra"" is ""reseed the earth."" ""Cataclismo invernal"" is ""winter cataclysm,"" which is accurate.

The last sentence: ""Esto fue antes de la última Edad de Hielo, hace 110,000 años."" ""Edad de Hielo"" is ""Ice Age,"" which is correct. The time frame is accurately translated as ""hace 110,000 años.""

So the main issue is the word ""ganador"" in ""catastrófico ganador."" The original says ""catastrophic winner,"" but in context, it's more likely referring to a catastrophic event or disaster, not a winner. The word ""ganador"" here is a mistranslation. That's a significant error because it changes the meaning. The rest of the translation is accurate, so the score should be around 80-85, but since there's a major error, maybe 75? Wait, but maybe ""ganador"" is used in a different way here. Alternatively, maybe ""catastrófico ganador"" is a literal translation, but the intended meaning is ""catastrophic winner,"" which might not make sense. The correct term would be ""catastrophic event"" or ""disaster."" So this error affects the meaning, so the score should be lower. Maybe 70? But the rest is good. Alternatively, maybe the translator meant ""catastrophic winner"" as in a winning event, but that's not clear. However, in the context of a disaster, ""ganador"" is incorrect. Therefore, the translation has a significant error in that one part, so the score should be around 75. But I need to check if there are other errors. The rest seems okay. So I'd say 75.
</think>

<answer>
75
</answer>",en-es
"Score the following translation from English to Spanish on a continuous scale from 0 to 100,
where a score of zero (0) means ""no meaning preserved"" and score of one hundred (100) means ""perfect meaning and grammar"".

[Start of Source Text]
""You all did somewhat leave me behind. I got here as quickly as I could..."" Retvik sighed. ""May I ask, what are those horrible things?""
[End of Source Text]

[Start of Translation]
""Todos ustedes me dejaron un poco atrás. Llegué lo más rápido que pude..."" Retvik suspiró. ""¿Puedo preguntar, qué son esas cosas horribles?""
[End of Translation]

Your answer should be a number like 0 or 1 or 2 or ... or 100, depending on your judgement.","<think>
Okay, let's evaluate this translation. First, I need to check if the meaning is preserved. The original text is a dialogue where someone is sighing and asking about ""horrible things."" The translation seems to capture the same words and structure. 

Looking at the first sentence: ""You all did somewhat leave me behind."" The Spanish translation is ""Todos ustedes me dejaron un poco atrás."" The verb ""dejaron"" is the correct past tense for ""left,"" and ""un poco atrás"" translates to ""somewhat behind."" That seems accurate.

Next part: ""I got here as quickly as I could..."" becomes ""Llegué lo más rápido que pude..."" The verb ""llegué"" is correct for ""got here,"" and ""lo más rápido que pude"" is the right expression for ""as quickly as I could."" Good.

Then Retvik sighs: ""Retvik suspiró."" That's a direct translation and correct in Spanish.

The last question: ""May I ask, what are those horrible things?"" is translated as ""¿Puedo preguntar, qué son esas cosas horribles?"" The structure is correct, but in Spanish, it's more natural to say ""¿Puedo preguntar qué son esas cosas horribles?"" without the comma after ""preguntar."" However, the current translation is still understandable, just slightly less natural.

Checking grammar: All the verbs are correctly conjugated. The pronouns are in the right place. The sentence structures are correct. The only minor issue is the punctuation in the question, but that's a stylistic choice rather than a grammatical error.

So, the translation is accurate and maintains the original meaning. The only slight issue is the punctuation in the question, but that doesn't significantly affect the overall quality. Therefore, I would give this a high score, maybe 95 or 98. But since the punctuation is a minor point, perhaps 95 is appropriate. However, considering that the translation is almost perfect, maybe 98. Wait, but in Spanish, the comma after ""preguntar"" is not necessary. The correct structure would be ""¿Puedo preguntar qué son esas cosas horribles?"" So the original translation has an extra comma, which is a small error. That might lower the score slightly. But since it's a minor issue, maybe 95 is still okay. Alternatively, maybe 98 is acceptable because the overall meaning is preserved and the grammar is correct except for that small punctuation mistake. I think 95 is a safe score here.
</think>

<answer>
95
</answer>",en-es
"Score the following translation from English to Spanish on a continuous scale from 0 to 100,
where a score of zero (0) means ""no meaning preserved"" and score of one hundred (100) means ""perfect meaning and grammar"".

[Start of Source Text]
Live feed says that they have a signal
[End of Source Text]

[Start of Translation]
La transmisión en vivo indica que tienen una señal
[End of Translation]

Your answer should be a number like 0 or 1 or 2 or ... or 100, depending on your judgement.","<think>
Okay, let's see. I need to score this translation from English to Spanish. The source text is ""Live feed says that they have a signal."" The translation given is ""La transmisión en vivo indica que tienen una señal.""

First, I should check if the meaning is preserved. The original sentence is about a live feed (which is ""transmisión en vivo"" in Spanish) indicating that someone has a signal. The translation uses ""indica"" which means ""indicates,"" so that's correct. The structure ""que tienen una señal"" translates to ""that they have a signal."" 

Now, grammar. ""Transmisión en vivo"" is the correct term for ""live feed."" ""Indica"" is the third person singular of ""indicar,"" so it matches the subject ""la transmisión."" The verb ""tener"" is correctly used here, and ""una señal"" is the right form for ""a signal."" 

Are there any issues? Maybe ""transmisión en vivo"" is a bit more formal than ""stream"" but in this context, it's appropriate. The sentence structure is correct. The translation seems accurate. I don't see any errors in grammar or meaning. So it should be a high score. Maybe 95 or 100? Wait, sometimes translations might have slight nuances, but here it's direct and correct. I think 100 is appropriate.
</think>

<answer>
100
</answer>",en-es
"Score the following translation from English to Spanish on a continuous scale from 0 to 100,
where a score of zero (0) means ""no meaning preserved"" and score of one hundred (100) means ""perfect meaning and grammar"".

[Start of Source Text]
what why are the GPS coordinates getting rounded to the nearest full degree that's absolutely worthless
[End of Source Text]

[Start of Translation]
¿Qué es la razón por la que las coordenadas GPS se redondean al grado máximo más próximo que es absolutamente inútil?
[End of Translation]

Your answer should be a number like 0 or 1 or 2 or ... or 100, depending on your judgement.","<think>
Okay, let's see. I need to evaluate the Spanish translation of the given English text. The source text is a question asking why GPS coordinates are rounded to the nearest full degree, which is considered worthless. The translation provided is: ""¿Qué es la razón por la que las coordenadas GPS se redondean al grado máximo más próximo que es absolutamente inútil?""

First, I'll check if the translation accurately conveys the original meaning. The original question is about the reason for rounding GPS coordinates to the nearest degree and states that this is ""absolutely worthless."" The translation uses ""¿Qué es la razón por la que..."" which translates to ""What is the reason that..."" which is a bit wordy compared to the original's ""why."" The original is more direct, so maybe that's a slight issue.

Next, the phrase ""se redondean al grado máximo más próximo"" – ""rounded to the nearest full degree"" is correctly translated. ""Grado máximo más próximo"" might be a bit more formal than necessary, but it's accurate. However, ""grado"" in Spanish can sometimes be used as ""degree"" in the context of coordinates, so that's correct.

The part ""que es absolutamente inútil"" – ""that is absolutely useless"" is correctly translated. The structure here is a bit awkward because the original is a single question, but the translation splits it into two parts with ""que es..."" which might make it slightly more complex than needed. However, it's still grammatically correct.

Now, checking for grammar. The sentence structure in Spanish is correct. The use of ""¿Qué es la razón por la que..."" is a valid construction, though it's a bit more formal. The rest of the sentence flows well. There's no obvious grammatical error.

Considering the meaning preservation. The original is a question about the reason for rounding and the consequence of it being worthless. The translation captures both elements. The only minor issue is the phrasing ""¿Qué es la razón por la que..."" which is a bit more wordy than the original's ""why."" However, in Spanish, this structure is acceptable and doesn't change the meaning.

So, the translation is accurate and grammatically correct. The only slight issue is the formality and wordiness, but that doesn't significantly affect the meaning. Therefore, the score should be high, maybe around 90 or 95. However, since the original is a direct question, the translation's structure might be a bit off, but it's still clear. I think a score of 90 is appropriate here.
</think>

<answer>
90
</answer>",en-es
"Score the following translation from English to Spanish on a continuous scale from 0 to 100,
where a score of zero (0) means ""no meaning preserved"" and score of one hundred (100) means ""perfect meaning and grammar"".

[Start of Source Text]
It seems that as we suspected, the evidence is mounting to support the far more logical claim that an advanced lost civilization's heritage has been stolen by different, more modern civilization all over the world. A great civilization did once flourish here on earth, one which has been actively suppressed, stolen from, exploited, and hidden for far too long. Thanks for watching guys, and until next time, take care.
[End of Source Text]

[Start of Translation]
Parece que, como sospechábamos, las pruebas se están acumulando para respaldar la afirmación mucho más lógica de que el legado de una civilización perdida avanzada ha sido robado por diferentes civilizaciones más modernas en todo el mundo. Una gran civilización sí floreció aquí en la Tierra, una que ha sido activamente reprimida, robada, explotada y ocultada durante demasiado tiempo. Gracias por ver, chicos, y hasta la próxima, cuídense.
[End of Translation]

Your answer should be a number like 0 or 1 or 2 or ... or 100, depending on your judgement.","<think>
Okay, let's start by reading both the source text and the translation carefully. The source is about a theory that an advanced lost civilization's heritage has been stolen by more modern civilizations. The translation seems to convey the same ideas.

First, I'll check for accuracy in meaning. The original mentions ""evidence is mounting to support the far more logical claim."" The translation uses ""las pruebas se están acumulando para respaldar la afirmación mucho más lógica,"" which captures that meaning well. 

Next, the part about ""an advanced lost civilization's heritage has been stolen by different, more modern civilization all over the world."" The translation says ""el legado de una civilización perdida avanzada ha sido robado por diferentes civilizaciones más modernas en todo el mundo."" That seems accurate, though ""civilization"" is plural in the source, but the translation uses ""civilizaciones"" which is correct.

Then, the second paragraph: ""A great civilization did once flourish here on earth, one which has been actively suppressed, stolen from, exploited, and hidden for far too long."" The translation uses ""Una gran civilización sí floreció aquí en la Tierra, una que ha sido activamente reprimida, robada, explotada y ocultada durante demasiado tiempo."" The verbs ""reprimida, robada, explotada, ocultada"" match the original's ""suppressed, stolen from, exploited, hidden."" 

The closing part: ""Thanks for watching guys, and until next time, take care."" The translation is ""Gracias por ver, chicos, y hasta la próxima, cuídense."" This is a direct translation and maintains the friendly tone.

Now, checking grammar and syntax. The Spanish sentences are structured correctly. The use of ""sí"" in ""sí floreció"" is appropriate here. The verbs in the second paragraph are in the correct past participle form. The conjunctions and sentence flow are smooth.

Are there any issues? The original says ""different, more modern civilization"" which is singular, but the translation uses ""civilizaciones"" plural. However, in Spanish, ""civilización"" can be both singular and plural, so ""civilizaciones más modernas"" is correct. The original might have a typo, but the translation handles it correctly.

The only possible minor point is ""sospechábamos"" vs. ""sospechamos."" The source says ""as we suspected,"" which is ""como sospechábamos"" in the translation. That's correct because ""sospechábamos"" is the past perfect tense, matching ""as we suspected.""

Overall, the translation accurately conveys the meaning, uses correct grammar, and maintains the original's tone. There are no significant errors. So I would score this a high 90 or 95. But maybe there's a slight nuance missing? Let me check again. The original says ""the far more logical claim,"" which the translation uses ""la afirmación mucho más lógica."" That's accurate. The word ""flourished"" is ""floreció,"" which is correct. 

I think the translation is very accurate. Maybe a 95? But perhaps 90 is safer if there's a minor oversight. Wait, the original says ""different, more modern civilization"" – the translation uses ""civilizaciones más modernas,"" which is correct. So I think 95 is appropriate. But maybe 90 is better. Alternatively, maybe 90 is correct. Hmm. Alternatively, maybe 95 is better. I'll go with 95.
</think>

<answer>
95
</answer>",en-es
"Score the following translation from English to Spanish on a continuous scale from 0 to 100,
where a score of zero (0) means ""no meaning preserved"" and score of one hundred (100) means ""perfect meaning and grammar"".

[Start of Source Text]
https://www.irishtimes.com/culture/books/2024/03/16/killing-in-gaza-has-been-supported-by-irelands-good-friend-in-the-white-house/
[End of Source Text]

[Start of Translation]
https://www.irishtimes.com/culture/books/2024/03/16/killing-in-gaza-has-been-supported-by-irelands-good-friend-in-the-white-house/
[End of Translation]

Your answer should be a number like 0 or 1 or 2 or ... or 100, depending on your judgement.","<think>
Okay, let's see. The user wants me to score the translation from English to Spanish. The source text and the translation are both the same URL. Wait, that can't be right. The source is in English, but the translation is the same as the source. But the task is to translate from English to Spanish. So if the original text is in English, and the translation is the same as the source, that would mean the translation is not done. But maybe the source text is actually a URL, not the actual content. Let me check again.

The source text starts with ""https://www.irishtimes.com/culture/books/2024/03/16/killing-in-gaza-has-been-supported-by-irelands-good-friend-in-the-white-house/"" and ends the same. The translation is the same as the source. So the source is a URL, which is in English, and the translation is the same URL. But the user is asking to translate from English to Spanish. However, the URL is not a sentence but a link. So maybe the task is to translate the URL's content, but the URL itself is not text. Wait, maybe the source text is the URL, but the actual content of the article is in English, and the translation is supposed to be the Spanish version of that content. However, the given translation is the same as the source, which is the URL. That doesn't make sense. 

Wait, perhaps there's a misunderstanding here. The source text is the URL, but the translation is also the same URL. But the user is asking to translate from English to Spanish. If the source is a URL, which is not text, then translating it would be impossible. However, maybe the source text is actually the text that comes after the URL. But in the given case, the source and translation are both the same URL. Therefore, the translation is not done. But the user provided the same text as both source and translation. 

In that case, the translation is not correct because the source is in English (the URL is in English, but the content of the article is in English), and the translation should be in Spanish. However, the given translation is the same as the source. So if the source is the URL, then the translation is not a translation but a copy. Therefore, the translation is not correct. But since the source and translation are the same, maybe the user is testing if I can recognize that the translation is not done. However, the URL is not text, so maybe the user made a mistake. 

Alternatively, maybe the source text is the URL, and the translation is supposed to be the Spanish version of the URL. But URLs are not translated; they are just links. So the translation is not possible. Therefore, the score would be zero because there's no meaning preserved. But the user might have intended the source text to be the article's content, but in the given case, the source and translation are the same. 

Wait, maybe the source text is the URL, and the translation is the same URL. But the URL is in English, and the translation should be in Spanish. However, URLs are not translated. Therefore, the translation is not possible, so the score is zero. Alternatively, if the source text is the article's content (which is in English), and the translation is the same as the source, then the translation is not correct. But the user provided the same text as both source and translation, which would mean that the translation is not done. Therefore, the score would be zero because there's no translation. But the user might have intended the source to be the article's content, but in the given case, the source and translation are the same. 

I think the correct approach here is to realize that the translation is not done. The source is the URL, which is not text, so translating it to Spanish is not possible. Therefore, the score is zero. But maybe the user made a mistake in providing the same text. Alternatively, if the source is the URL, which is in English, and the translation is the same URL, then the translation is not correct. Therefore, the score is zero.
</think>

<answer>
0
</answer>",en-es
"Score the following translation from English to Spanish on a continuous scale from 0 to 100,
where a score of zero (0) means ""no meaning preserved"" and score of one hundred (100) means ""perfect meaning and grammar"".

[Start of Source Text]
we are in a period of flux and i am anxious to discover where we might settle.
[End of Source Text]

[Start of Translation]
Estamos en un período de cambio y estoy ansioso por descubrir dónde podríamos asentarnos.
[End of Translation]

Your answer should be a number like 0 or 1 or 2 or ... or 100, depending on your judgement.","<think>
Okay, let's evaluate this translation. First, I need to check if the meaning is preserved. The original sentence is about being in a period of flux and wanting to discover where they might settle. The translation says ""estamos en un período de cambio"" which is ""we are in a period of change."" ""Flux"" can mean a state of movement or change, so ""cambio"" (change) is a good fit here.

Next, ""I am anxious to discover"" is translated as ""estoy ansioso por descubrir."" ""Ansioso"" means anxious, which matches. The structure is correct. 

Then, ""where we might settle"" becomes ""dónde podríamos asentarnos."" ""Asentarse"" means to settle, so that's accurate. The use of ""podríamos"" (we could) matches ""might"" in the original. 

Grammar-wise, the sentence structure is correct in Spanish. The verb tenses and agreement are proper. The words used are appropriate for the context. 

Is there anything missing? The original uses ""flux,"" which is a bit more abstract, but ""cambio"" captures the essence. The translation doesn't lose the intended meaning. The words are correctly chosen, and the sentence flows naturally in Spanish. 

I don't see any errors that would significantly affect the meaning. The translation is accurate and grammatically correct. So, I'd say it's a high score. Maybe 95 or 100? Wait, maybe ""fluctuation"" is a better term than ""change,"" but ""cambio"" is still acceptable. The sentence is clear and conveys the same message. So, I think 95 is appropriate, but if it's perfect, maybe 100. However, ""flux"" might be better as ""fluctuación,"" but the translation uses ""cambio"" which is correct. So, I'll go with 95.
</think>

<answer>
95
</answer>",en-es
"Score the following translation from English to Spanish on a continuous scale from 0 to 100,
where a score of zero (0) means ""no meaning preserved"" and score of one hundred (100) means ""perfect meaning and grammar"".

[Start of Source Text]
@user33 wow!
[End of Source Text]

[Start of Translation]
Vaya!
[End of Translation]

Your answer should be a number like 0 or 1 or 2 or ... or 100, depending on your judgement.","<think>
Okay, let's see. The user wants me to score the translation from English to Spanish. The source text is ""@user33 wow!"" and the translation is ""Vaya!"". 

First, I need to understand both the source and the target. The original is an exclamation, probably from a social media context, like a comment or message. The Spanish translation ""Vaya!"" is a common exclamation in Spanish, similar to ""Wow!"" in English. 

But wait, the original has a username ""@user33"" followed by ""wow!"". The translation just uses ""Vaya!"" which is a standalone exclamation. However, the username part isn't translated. In Spanish, usernames are usually kept as they are, so maybe that's okay. But the translation doesn't include the username, which might be a problem. However, sometimes in translations, especially in informal contexts, the username might be left as is if it's not part of the actual message. 

But the source text is ""@user33 wow!"", so the translation should ideally preserve the username. However, the given translation is just ""Vaya!"" which omits the username. That might be an issue. But maybe in the context of the translation, the username is not meant to be translated, so it's acceptable. 

Alternatively, if the username is part of the message, then the translation should include it. But in Spanish, the username would stay the same, so perhaps the translation should be ""@user33 Vaya!"" but the given translation is only ""Vaya!"". 

So, does the translation miss the username? If that's the case, then the translation is incomplete. However, maybe the original message is just ""wow!"" and the username is part of the context, but the translation is only focusing on the exclamation. 

But the source text is ""@user33 wow!"", so the translation should ideally be ""@user33 Vaya!"" but the given translation is just ""Vaya!"". So the translation is missing the username. That's a problem. However, maybe the username is not meant to be translated, so the translation is correct in that aspect. 

Alternatively, maybe the user is using a platform where the username is not part of the message, so the exclamation is the main part. But the original includes the username, so the translation should include it. 

In this case, the translation is incomplete because it omits the username. However, the exclamation ""Vaya!"" is correct. So the score would be lower because the username is missing. But maybe in some contexts, the username is not translated. 

But the user is asking for a score based on meaning and grammar. The exclamation is correct, but the username is not translated. If the username is part of the message, then the translation is missing that part. However, if the username is a placeholder, maybe it's okay. 

But the source text is a message that includes the username and the exclamation. The translation only includes the exclamation. So the translation is missing the username. Therefore, the meaning is not fully preserved. 

But maybe the username is not part of the actual message, just a label. For example, in social media, when you comment, you might have a username followed by a message. In that case, the translation should keep the username as is. However, the given translation doesn't include the username. 

Therefore, the translation is incomplete. However, the exclamation is correct. So the score would be somewhere between 50 and 70? Because the exclamation is correct, but the username is missing. Alternatively, if the username is not part of the message, then the translation is correct. 

But the source text is ""@user33 wow!"", so the translation should be ""@user33 Vaya!"" but the given translation is just ""Vaya!"". Therefore, the translation is missing the username. However, maybe the username is not supposed to be translated, so the translation is correct. 

This is a bit ambiguous. In some cases, usernames are kept as they are, so the translation would be ""@user33 Vaya!"". But the given translation is ""Vaya!"", so it's missing the username. Therefore, the meaning is not fully preserved. 

But if the username is not part of the message, then the translation is correct. However, the source text includes the username, so the translation should include it. 

Therefore, the translation is missing a part of the message, which affects the meaning. So the score would be lower. But the exclamation is correct. Maybe the score is 70? Because the exclamation is correct, but the username is missing. However, if the username is not part of the message, then the translation is correct. 

Alternatively, maybe the username is part of the message, so the translation is missing that. Therefore, the score would be lower. But how much lower? If the username is not translated, but the exclamation is, maybe the score is 80? Or 70? 

I think the key here is whether the username is part of the message. If it is, then the translation is missing that part. However, in many cases, usernames are kept as is in translations. Therefore, the correct translation would be ""@user33 Vaya!"", but the given translation is ""Vaya!"". Therefore, the translation is incomplete. 

But the user is asking for a score based on meaning and grammar. The exclamation is correct, but the username is missing. So the score would be lower. Maybe 70? Because the exclamation is correct, but the username is missing. However, if the username is not part of the message, then the translation is correct. 

But the source text includes the username, so the translation should include it. Therefore, the translation is missing that part, which affects the meaning. Therefore, the score is lower. Maybe 60? Or 70? 

Alternatively, maybe the username is not part of the message, and the exclamation is the main part. In that case, the translation is correct. But the source text is ""@user33 wow!"", so the username is part of the message. Therefore, the translation is missing that part. 

So the score would be lower. Maybe 60? But the exclamation is correct. So maybe 70. I'm a bit confused. But I think the correct score is 70 because the exclamation is correct, but the username is missing. However, if the username is not part of the message, then it's 100. But given that the source text includes the username, the translation is missing that. So the score is lower. 

Alternatively, maybe the username is not part of the message, and the exclamation is the main part. In that case, the translation is correct. But the source text is ""@user33 wow!"", which is a message from the user. So the translation should include the username. Therefore, the score is lower. 

I think the correct score is 70, because the exclamation is correct, but the username is missing. However, if the username is not part of the message, then it's 100. But since the username is part of the message, the translation is missing that part. Therefore, the score is lower.
</think>

<answer>
70
</answer>",en-es
"Score the following translation from English to Spanish on a continuous scale from 0 to 100,
where a score of zero (0) means ""no meaning preserved"" and score of one hundred (100) means ""perfect meaning and grammar"".

[Start of Source Text]
While disheartening, it's just yet another problem to solve, and it *does* so far seem solvable. Just at great expense of time and $$.
[End of Source Text]

[Start of Translation]
Aunque es desalentador, es solo otro problema más que resolver, y hasta ahora parece solucionable, solo con un gran costo de tiempo y $$.
[End of Translation]

Your answer should be a number like 0 or 1 or 2 or ... or 100, depending on your judgement.","<think>
Okay, let's evaluate this translation. First, I need to understand both the source and the target texts. The source is an English sentence that's a bit informal, using ""disheartening"" and mentioning solving a problem with a cost in time and money. The translation is in Spanish.

Looking at the translation: ""Aunque es desalentador, es solo otro problema más que resolver, y hasta ahora parece solucionable, solo con un gran costo de tiempo y $$."" 

First, check if the meaning is preserved. The original says ""While disheartening, it's just yet another problem to solve..."" The Spanish starts with ""Aunque es desalentador,"" which is correct. ""Es solo otro problema más que resolver"" matches ""just yet another problem to solve."" Then ""and it does so far seem solvable"" is translated as ""y hasta ahora parece solucionable,"" which is accurate. The last part ""Just at great expense of time and $$"" becomes ""solo con un gran costo de tiempo y $$."" The use of ""solo"" here might be a bit off because ""just"" in this context is more about emphasis rather than limitation. But ""solo"" can work here. The ""$$"" is kept as is, which is appropriate.

Grammar-wise, the structure seems correct. The sentence flows well in Spanish. The use of ""que resolver"" is correct. The conjunction ""y"" connects the clauses properly. The phrase ""hasta ahora parece solucionable"" is correct. The last part ""con un gran costo de tiempo y $$"" is also correct. 

Is there any issue? Maybe the word ""solo"" could be replaced with ""solo"" or ""sencillamente,"" but in this context, ""solo"" is acceptable. The overall message is clear and accurate. The only possible minor point is the use of ""solo"" for ""just,"" but that's a small nuance. The translation seems to preserve the meaning and grammar well. So I'd say it's a high score, maybe 90 or 95. But since there's a slight nuance difference, perhaps 90.
</think>

<answer>
90
</answer>",en-es
"Score the following translation from English to Spanish on a continuous scale from 0 to 100,
where a score of zero (0) means ""no meaning preserved"" and score of one hundred (100) means ""perfect meaning and grammar"".

[Start of Source Text]
I've definitely been going about this the wrong way.
[End of Source Text]

[Start of Translation]
Definitivamente he estado haciendo esto de la manera equivocada.
[End of Translation]

Your answer should be a number like 0 or 1 or 2 or ... or 100, depending on your judgement.","<think>
Okay, let's evaluate this translation. The source text is ""I've definitely been going about this the wrong way."" The translation provided is ""Definitivamente he estado haciendo esto de la manera equivocada.""

First, I need to check if the meaning is preserved. The original sentence is a statement about someone's approach being incorrect. The Spanish translation uses ""definitivamente"" which means ""definitely,"" matching the original. ""He estado haciendo"" translates to ""I have been doing,"" which corresponds to ""I've been going about."" The phrase ""de la manera equivocada"" is ""the wrong way,"" which is accurate.

Now, grammar. The structure in Spanish is correct. The present perfect tense ""he estado"" is appropriate here. The preposition ""haciendo"" is correctly used with ""de la manera."" The sentence is grammatically sound.

Are there any nuances or possible improvements? The original uses ""going about this the wrong way,"" which can be a bit idiomatic. The translation captures the essence, but maybe ""de la manera equivocada"" is a direct translation. However, in Spanish, ""haciendo esto de la manera equivocada"" is a natural way to express the same idea. 

I don't see any errors in the translation. The meaning is clear and the grammar is correct. So, the score should be high. Maybe 95 or 100? But since the original is a bit more concise, perhaps 95. Wait, the translation is exactly matching the meaning. The only thing is that ""going about this"" is a bit more abstract, but ""haciendo esto"" directly translates that. So, I think it's a perfect translation. Therefore, 100.
</think>

<answer>
100
</answer>",en-es
"Score the following translation from English to Spanish on a continuous scale from 0 to 100,
where a score of zero (0) means ""no meaning preserved"" and score of one hundred (100) means ""perfect meaning and grammar"".

[Start of Source Text]
Welcome. Welcome, everyone. I'm just going to make sure that all of this is working. It just takes a minute. So I came on a bit early just to make sure, just washed my hands and getting ready to go. So I'm just finishing setting up. I think we're good. I'm going to make mistakes so I can feel it. It's one of those days. So I'll just wait until people get on and then we'll get started.
[End of Source Text]

[Start of Translation]
Bienvenidos. Bienvenidos a todos. Solo voy a asegurarme de que todo esto esté funcionando. Solo toma un minuto. Así que entré un poco antes solo para asegurarme, me lavé las manos y me estoy preparando para empezar. Así que estoy terminando de preparar todo. Creo que estamos listos. Voy a cometer errores, lo puedo sentir. Es uno de esos días. Así que esperaré hasta que la gente se conecte y entonces empezaremos.
[End of Translation]

Your answer should be a number like 0 or 1 or 2 or ... or 100, depending on your judgement.","<think>
Okay, let me evaluate this translation. First, I need to check if the meaning is preserved. The original text is a welcome message from someone setting up for an event. The Spanish translation starts with ""Bienvenidos"" which is correct for ""Welcome."" Then ""Bienvenidos a todos"" matches ""Welcome, everyone."" 

Next, ""I'm just going to make sure that all of this is working"" is translated as ""Solo voy a asegurarme de que todo esto esté funcionando."" That seems accurate. ""It just takes a minute"" becomes ""Solo toma un minuto,"" which is correct.

The speaker mentions coming early to check things, washing hands, and getting ready. The Spanish says ""entré un poco antes solo para asegurarme, me lavé las manos y me estoy preparando para empezar."" The verb ""entré"" is past tense, but in the original, it's ""I came on a bit early,"" which is past. However, in the translation, ""me estoy preparando"" is present continuous, which matches ""getting ready to go."" That's okay.

Then, ""I'm just finishing setting up"" is ""Estoy terminando de preparar todo."" ""Preparar"" here is a good choice for ""setting up."" The next part, ""I think we're good"" is ""Creo que estamos listos,"" which is correct. 

The line about making mistakes to feel it: ""Voy a cometer errores, lo puedo sentir."" That's a direct translation and captures the meaning. ""It's one of those days"" is ""Es uno de esos días,"" which is accurate. Finally, ""I'll just wait until people get on and then we'll get started"" is ""Esperaré hasta que la gente se conecte y entonces empezaremos."" ""Se conecte"" is a bit informal, but in context, it's acceptable for ""get on"" as in joining the event. 

Now, checking grammar. The Spanish uses correct conjugations and sentence structure. The only possible issue is ""se conecte"" which might be more literal than the original's ""get on,"" but in a context like an event, ""conectarse"" can mean joining or participating. 

Overall, the translation is accurate and maintains the original meaning. There are no significant errors, so I'd rate it high. Maybe 95? But maybe 100 if all is perfect. Let me check again. The original says ""getting ready to go"" which is ""me estoy preparando para empezar."" That's correct. The only minor point might be ""se conecte"" but it's understandable. So I think 95 is safe, but maybe 100 if the slight informal use is acceptable.
</think>

<answer>
95
</answer>",en-es
"Score the following translation from English to Spanish on a continuous scale from 0 to 100,
where a score of zero (0) means ""no meaning preserved"" and score of one hundred (100) means ""perfect meaning and grammar"".

[Start of Source Text]
I'm not selling them because it's not economical.
[End of Source Text]

[Start of Translation]
No los estoy vendiendo porque no es económico.
[End of Translation]

Your answer should be a number like 0 or 1 or 2 or ... or 100, depending on your judgement.","<think>
Okay, let's evaluate this translation. The source text is ""I'm not selling them because it's not economical."" The translation provided is ""No los estoy vendiendo porque no es económico.""

First, I need to check if the meaning is preserved. The original sentence is a statement about not selling something due to economic reasons. The translation uses ""No los estoy vendiendo"" which directly translates to ""I'm not selling them."" That part seems accurate.

Next, the reason given is ""because it's not economical."" The translation uses ""porque no es económico."" The word ""económico"" in Spanish means ""economical,"" so that's correct. The structure of the sentence is also correct in Spanish. 

I should check for any possible grammar issues. The verb tense in the translation matches the source text. The use of ""estoy vendiendo"" is present continuous, which matches ""I'm not selling."" The conjunction ""porque"" is correctly used to link the two clauses. 

Are there any nuances or cultural differences that might affect the translation? The phrase ""it's not economical"" could sometimes be interpreted as ""not cost-effective,"" but ""económico"" in this context is appropriate. The translation doesn't add or omit any information. 

Is there any ambiguity? The translation is straightforward and clear. There's no confusion in the message. 

Considering all these points, the translation seems to accurately convey the original meaning with correct grammar. There are no errors, so the score should be high. I would rate this a 100 because it's perfect in both meaning and grammar.
</think>

<answer>
100
</answer>",en-es
"Score the following translation from English to Spanish on a continuous scale from 0 to 100,
where a score of zero (0) means ""no meaning preserved"" and score of one hundred (100) means ""perfect meaning and grammar"".

[Start of Source Text]
According to Amazon, I bought the panel in 2021 and It should output 12V at a max of 1.2A.
[End of Source Text]

[Start of Translation]
Según Amazon, compré el panel en 2021 y debería emitir 12V a un máximo de 1.2A.
[End of Translation]

Your answer should be a number like 0 or 1 or 2 or ... or 100, depending on your judgement.","<think>
Okay, let's evaluate this translation. First, I need to check if the meaning is preserved. The source text says, ""According to Amazon, I bought the panel in 2021 and It should output 12V at a max of 1.2A."" The translation is ""Según Amazon, compré el panel en 2021 y debería emitir 12V a un máximo de 1.2A.""

Looking at the first part: ""According to Amazon"" is correctly translated as ""Según Amazon."" Then ""I bought the panel in 2021"" becomes ""compré el panel en 2021."" That seems accurate. The subject ""I"" is implied here, so ""compré"" is correct.

Next part: ""It should output 12V at a max of 1.2A."" The translation uses ""debería emitir 12V a un máximo de 1.2A."" ""Emitir"" here might be a bit off. The original says ""output,"" which in the context of electronics is more like ""produce"" or ""supply"" voltage. ""Emitir"" can mean ""emit"" or ""issue,"" which might not be the best term here. However, in some contexts, ""emitir"" can be used for electrical output, so maybe it's acceptable. 

The phrase ""a un máximo de 1.2A"" is correct for ""at a max of 1.2A."" The structure ""a un máximo de"" is the right way to express ""at a maximum of"" in Spanish. 

Now, checking grammar: The sentence structure is correct. The verbs are in the right tense. ""Compré"" is past tense, matching ""bought."" ""Debería"" is the correct conditional tense for ""should."" 

The only possible issue is the word ""emitir"" for ""output."" But considering that ""emitir"" can be used in technical contexts, especially in electronics, it might be acceptable. If ""emitir"" is not the best term, maybe ""producir"" or ""suministrar"" would be better, but ""emitir"" is still understandable. 

So, the translation is mostly accurate. The only minor issue is the use of ""emitir"" instead of a more precise term. However, since the rest of the translation is correct and the meaning is clear, the score should be high. I'd say around 95, but maybe 90 if ""emitir"" is considered a slight misstep. Wait, but in technical Spanish, ""emitir"" is sometimes used for output, so perhaps it's acceptable. Therefore, the translation is accurate and grammatically correct. So the score should be 100.
</think>

<answer>
100
</answer>",en-es
"Score the following translation from English to Spanish on a continuous scale from 0 to 100,
where a score of zero (0) means ""no meaning preserved"" and score of one hundred (100) means ""perfect meaning and grammar"".

[Start of Source Text]
I'm getting the vibe that aviation tend to track farily conservative based on some of the ads youtube has decided I should see, videos I'm being recommended, and comments I see.
[End of Source Text]

[Start of Translation]
Estoy percibiendo que la aviación tiende a ser bastante conservadora, basándome en algunos de los anuncios que YouTube ha decidido que debo ver, los videos que me están recomendando y los comentarios que veo.
[End of Translation]

Your answer should be a number like 0 or 1 or 2 or ... or 100, depending on your judgement.","<think>
Okay, let's evaluate this translation. First, I need to understand both the source and the target texts. The source is an English sentence expressing that the speaker feels aviation is conservative based on YouTube ads, videos, and comments they've seen.

Looking at the Spanish translation: ""Estoy percibiendo que la aviación tiende a ser bastante conservadora, basándome en algunos de los anuncios que YouTube ha decidido que debo ver, los videos que me están recomendando y los comentarios que veo.""

First, check for accuracy. The key points are: the speaker is getting the vibe (percibiendo), aviation tends to be conservative (tiende a ser conservadora), based on YouTube ads (anuncios que YouTube ha decidido que debo ver), videos recommended (videos que me están recomendando), and comments (comentarios que veo). 

The translation seems to capture all the elements. ""Percibiendo"" is a good fit for ""getting the vibe."" ""Tiene a ser bastante conservadora"" correctly conveys ""tend to track fairly conservative."" The structure ""basándome en"" is appropriate for ""based on."" The references to YouTube, ads, videos, and comments are all accurately translated. 

Now, check grammar and syntax. The sentence structure in Spanish is correct. The use of ""que YouTube ha decidido que debo ver"" is a bit wordy but correct. ""Los videos que me están recomendando"" is correct. The verb tenses and pronouns are properly used. 

Are there any issues? Maybe ""tiende a ser bastante conservadora"" could be slightly more natural as ""tiende a ser bastante conservadora"" is correct, but maybe ""más conservadora"" could be an alternative. However, the current translation is acceptable. 

Is there any missing nuance? The original says ""track fairly conservative,"" which is a bit informal. The Spanish uses ""conservadora,"" which is a direct translation. The context is about aviation, so ""aviación"" is correct. 

Overall, the translation is accurate, maintains the original meaning, and is grammatically correct. It's very close to a perfect translation. I might give it a 95 or 100. But maybe there's a slight issue with ""que debo ver"" which is a bit more formal than the original's ""should see."" However, in Spanish, that's acceptable. 

Considering all that, I think the translation is excellent. It's very high quality. So I'll score it a 95. Wait, but maybe 100 is possible. Let me check again. The original says ""track farily conservative"" which is ""track fairly conservative."" The Spanish uses ""conservadora,"" which is correct. The rest is accurate. I think 100 is possible here. Maybe the user is being strict, but the translation is almost perfect. So I'll go with 100.
</think>

<answer>
100
</answer>",en-es
"Score the following translation from English to Spanish on a continuous scale from 0 to 100,
where a score of zero (0) means ""no meaning preserved"" and score of one hundred (100) means ""perfect meaning and grammar"".

[Start of Source Text]
What we found demonstrates that immediate action is required. Even accounting for Washington's population growth, the Washington jail death rate nearly tripled between 2000 and 2019 - an increase 16 times that of the national average. Outpacing other states, Washington now has the fourth-highest rate of jail deaths in the nation. This cannot continue.
[End of Source Text]

[Start of Translation]
Lo que hemos descubierto demuestra que es necesaria una acción inmediata. Incluso teniendo en cuenta el aumento de la población de Washington, la tasa de muertes en las cárceles de Washington casi se triplicaron entre los años 2000 a 2019 (un incremento 16 veces mayor que la media nacional). Superando a otros estados, Washington cuenta actualmente con la cuarta tasa más alta de mortalidad en cárceles de la nación. Esto no puede continuar.
[End of Translation]

Your answer should be a number like 0 or 1 or 2 or ... or 100, depending on your judgement.","<think>
Okay, let's evaluate this translation. First, I need to check if the meaning is preserved. The original text talks about immediate action needed because the jail death rate in Washington tripled, which is 16 times the national average, making it the fourth-highest in the country. The translation starts with ""Lo que hemos descubierto demuestra que es necesaria una acción inmediata."" That seems accurate. ""What we found demonstrates that immediate action is required."" The translation uses ""hemos descubierto"" which is correct for ""we found.""

Next sentence: ""Even accounting for Washington's population growth, the Washington jail death rate nearly tripled between 2000 and 2019 - an increase 16 times that of the national average."" The translation says ""Incluso teniendo en cuenta el aumento de la población de Washington, la tasa de muertes en las cárceles de Washington casi se triplicaron entre los años 2000 a 2019 (un incremento 16 veces mayor que la media nacional)."" The structure is similar. ""Teniendo en cuenta"" is good for ""accounting for."" ""Tasa de muertes en las cárceles"" is correct for ""jail death rate."" The numbers and percentages seem accurately translated. The part in parentheses is correctly rendered as ""un incremento 16 veces mayor que la media nacional,"" which matches ""an increase 16 times that of the national average.""

Third sentence: ""Outpacing other states, Washington now has the fourth-highest rate of jail deaths in the nation."" The translation is ""Superando a otros estados, Washington cuenta actualmente con la cuarta tasa más alta de mortalidad en cárceles de la nación."" ""Superando a otros estados"" is good for ""outpacing other states."" ""Cuenta actualmente con la cuarta tasa más alta"" translates to ""now has the fourth-highest rate."" However, ""mortalidad en cárceles"" is slightly different from ""jail deaths."" ""Mortalidad en cárceles"" is ""death in prisons,"" but ""jail deaths"" is more specific. Maybe ""mortalidad en prisión"" would be better, but ""mortalidad en cárceles"" is acceptable. The phrase ""de la nación"" is correct for ""in the nation.""

Last sentence: ""This cannot continue."" The translation is ""Esto no puede continuar."" That's a direct and accurate translation.

Now, checking grammar and syntax. The sentences are well-structured in Spanish. The use of ""casi se triplicaron"" is correct for ""nearly tripled."" The parentheses are properly used. The numbers are correctly placed. The word order and prepositions are appropriate.

Possible minor issues: ""cuarta tasa más alta"" might be slightly awkward, but it's understandable. Also, ""mortalidad en cárceles"" is a bit more formal than ""jail deaths,"" but it's not incorrect. The overall message is clear and preserved. The translation is accurate and maintains the original meaning without any significant omissions or additions. There are no grammatical errors that would affect understanding. So, I would give this a high score, maybe 95 or 98. However, since there's a slight nuance difference in ""mortalidad en cárceles"" versus ""jail deaths,"" maybe 95 is appropriate. Alternatively, if the slight difference is considered negligible, it could be 98. But given that the translation is very close, I think 95 is a safe score.
</think>

<answer>
95
</answer>",en-es
"Score the following translation from English to Spanish on a continuous scale from 0 to 100,
where a score of zero (0) means ""no meaning preserved"" and score of one hundred (100) means ""perfect meaning and grammar"".

[Start of Source Text]
Aaaand it's still offline.
[End of Source Text]

[Start of Translation]
Y sigue siendo online!
[End of Translation]

Your answer should be a number like 0 or 1 or 2 or ... or 100, depending on your judgement.","<think>
Okay, let's see. The user wants me to score the translation from English to Spanish. The source text is ""Aaaand it's still offline."" and the translation is ""Y sigue siendo online!"" 

First, I need to check if the meaning is preserved. The original sentence is a bit informal with ""Aaaand"" which is like an exclamation or a pause. The Spanish translation starts with ""Y"" which is ""and"" but in this context, it's used to connect the sentence, so that's okay. The key part is ""it's still offline."" The translation says ""sigue siendo online!"" which is ""it continues to be online!"" But ""offline"" is the opposite of ""online,"" so there's a contradiction here. The original says the system is still offline, but the translation says it's online. That's a problem. The words ""online"" and ""offline"" are opposites, so the translation has a mistake in the meaning.

Next, grammar. The Spanish sentence structure is correct. ""Y sigue siendo online!"" is grammatically correct. The use of ""sigue"" (continues) and ""siendo"" (being) is correct. The exclamation mark is also appropriate. So the grammar is good.

But the main issue is the meaning. The translation has the opposite meaning. The original says offline, but the translation says online. That's a significant error. Even if the grammar is correct, the meaning is wrong. So the score would be low. But how low? If the meaning is completely reversed, maybe around 20? Because the grammar is correct, but the meaning is completely off. Alternatively, maybe 10? But I need to think. If the translation is completely incorrect in meaning, but grammatically correct, maybe 20. But maybe the user is more concerned with meaning. So perhaps 20. But I should check again. The original is ""still offline,"" the translation is ""still online."" So the meaning is the opposite. That's a major issue. So the score would be low. Maybe 20? Or 10? Maybe 10 because the grammar is correct, but the meaning is wrong. But the user said ""perfect meaning and grammar"" is 100. So if the meaning is wrong, even if grammar is right, it's a low score. So maybe 10? Or 20? I think 20 is more accurate. Because the grammar is correct, but the meaning is completely opposite. So 20.
</think>

<answer>
20
</answer>",en-es
"Score the following translation from English to Spanish on a continuous scale from 0 to 100,
where a score of zero (0) means ""no meaning preserved"" and score of one hundred (100) means ""perfect meaning and grammar"".

[Start of Source Text]
@user43 i am genuinely sorry to read that. :(
[End of Source Text]

[Start of Translation]
@user43 Lo siento mucho por ti :(
[End of Translation]

Your answer should be a number like 0 or 1 or 2 or ... or 100, depending on your judgement.","<think>
Okay, let's evaluate this translation. The source text is ""@user43 i am genuinely sorry to read that. :("" and the translation is ""@user43 Lo siento mucho por ti :("".

First, I need to check if the meaning is preserved. The original message is someone expressing genuine sorrow upon reading something. The translation uses ""Lo siento mucho por ti,"" which directly translates to ""I'm very sorry for you."" That seems to capture the same sentiment. The use of ""genuinely"" in the original is important, but in Spanish, ""mucho"" (much) conveys a strong sense of sincerity, so that's covered.

Next, grammar. The structure is correct. The username @user43 is kept as is, which is appropriate. The phrase ""Lo siento mucho por ti"" is grammatically correct in Spanish. The emoticon at the end is also preserved, which is good for tone.

Are there any issues? The original uses ""i am genuinely sorry,"" which is a bit more formal than ""Lo siento mucho."" However, ""mucho"" does imply a strong feeling, so it's close enough. The translation doesn't miss the key emotion. The punctuation and emoticon are correctly placed.

So, the translation effectively conveys the same meaning and maintains proper grammar. I don't see any significant errors that would lower the score. It's a direct and accurate translation. I'd say it's a high score, maybe 95 or 100. But since the original has ""genuinely,"" which is more intense, but ""mucho"" is strong, so maybe 95. However, in Spanish, ""Lo siento mucho"" is a common way to express deep regret, so maybe 100 is acceptable. Wait, but ""genuinely"" is more about the sincerity, and ""mucho"" covers that. So yes, the translation is accurate and natural. I think 100 is appropriate here.
</think>

<answer>
100
</answer>",en-es
"Score the following translation from English to Spanish on a continuous scale from 0 to 100,
where a score of zero (0) means ""no meaning preserved"" and score of one hundred (100) means ""perfect meaning and grammar"".

[Start of Source Text]
This stuff really is like going to the gym. I ended up taking a 2 hour nap today (just waking up) because I'm physically tired. I'm also rly sore, especially my legs. LOTS of right rudder today.
[End of Source Text]

[Start of Translation]
Esto realmente es como ir al gimnasio. Terminé tomando una siesta de 2 horas hoy (recién me desperté) porque estoy físicamente cansado. También me duele mucho, especialmente en las piernas. MUCHO timón a la derecha hoy.
[End of Translation]

Your answer should be a number like 0 or 1 or 2 or ... or 100, depending on your judgement.","<think>
Okay, let's start by looking at the source text and the translation. The source is a casual, informal message about feeling tired and sore after a long day, mentioning a nap and physical discomfort. The translation needs to capture the same tone and meaning.

First, the phrase ""This stuff really is like going to the gym."" The translation uses ""Esto realmente es como ir al gimnasio."" That seems accurate. ""Gimnasio"" is the correct term for gym in Spanish, so that's good.

Next, ""I ended up taking a 2 hour nap today (just waking up) because I'm physically tired."" The translation says ""Terminé tomando una siesta de 2 horas hoy (recién me desperté) porque estoy físicamente cansado."" ""Siesta"" is correct for nap, and ""recién me desperté"" conveys ""just waking up."" The reason given is ""físicamente cansado,"" which matches ""physically tired."" So that part is accurate.

Then, ""I'm also rly sore, especially my legs."" The translation uses ""También me duele mucho, especialmente en las piernas."" ""Rly"" is an informal abbreviation for ""really,"" so ""me duele mucho"" captures that. The mention of legs is correct as ""piernas.""

Finally, ""LOTS of right rudder today."" The translation has ""MUCHO timón a la derecha hoy."" ""Rudder"" is ""timón"" in Spanish, and ""a la derecha"" is ""right."" The capitalization of ""MUCHO"" is a bit odd, but it's clear the speaker is emphasizing the quantity. However, in Spanish, it's more common to use lowercase for emphasis unless it's a proper noun. But since the original uses all caps, maybe the translator kept it that way. However, the meaning is clear.

Now, checking for grammar and structure. The sentences are correctly structured in Spanish. The use of ""recién me desperté"" is correct. The translation maintains the informal tone with ""me duele mucho"" and ""MUCHO timón."" 

Possible issues: The phrase ""MUCHO timón a la derecha"" might be a bit awkward because ""timón"" is more technical, but in this context, it's understandable. Also, the use of all caps in Spanish is less common, but since the original uses all caps, it's a stylistic choice. However, in formal contexts, it's better to use lowercase, but here it's acceptable for emphasis.

Another point is ""rly sore."" The translation uses ""me duele mucho,"" which is a direct translation but might not capture the slang ""rly."" However, in Spanish, ""me duele mucho"" is a natural way to express being sore. So that's okay.

Overall, the translation preserves the meaning, tone, and key points. The only minor issues are the capitalization of ""MUCHO"" and the use of ""timón"" for ""rudder,"" but those are more stylistic than grammatical. The translation is accurate and conveys the same message as the original. So I'd say the score is high, maybe around 90-95. But since the user might be strict about certain aspects, maybe 90. However, considering that the translation is mostly accurate and the only minor issues are stylistic, I think 95 is appropriate.
</think>

<answer>
95
</answer>",en-es
"Score the following translation from English to Spanish on a continuous scale from 0 to 100,
where a score of zero (0) means ""no meaning preserved"" and score of one hundred (100) means ""perfect meaning and grammar"".

[Start of Source Text]
Hook the vacuum up to it, it helps keep the dust down and you can prep your concrete that way also. We prefer to do it with the hand grinders ourselves, so either way will work pretty good. Usually if it's got an epoxy coating already, the hand grinders work a little better, but this thing looks really good too. So after we do that, we fix all the cracks, fix all the divots with our patch repair material and then we grind them smooth, and then we clean the concrete and get it ready for the first coating. This is going to be a 100 % solids epoxy so it goes on and it's different procedures, different stages.
[End of Source Text]

[Start of Translation]
Apunta el vacío a él, ayuda a Normalmente si ya tiene una cobertura epoxi las molidoras a mano funcionan un poco mejor, pero esto también Después de eso arreglamos todas las grietas, reparamos los hoyos con nuestro material de reparación y luego los limpiamos Será un epoxi de 100 % sólido y pasará
[End of Translation]

Your answer should be a number like 0 or 1 or 2 or ... or 100, depending on your judgement.","<think>
Okay, let's start by looking at the source text and the translation. The source is about concrete preparation steps, mentioning a vacuum, hand grinders, epoxy coating, fixing cracks, and using 100% solids epoxy. The translation seems to be in Spanish but there are some issues.

First, the opening sentence: ""Hook the vacuum up to it, it helps keep the dust down..."" The translation starts with ""Apunta el vacío a él, ayuda a..."" which doesn't make sense. ""Apunta"" means ""point"" or ""aim,"" which is incorrect here. The correct term should be ""conectar"" (connect) or ""aterrar"" (plug in), but the translation uses ""apunta,"" which is a mistake.

Next, ""it helps keep the dust down and you can prep your concrete that way also."" The translation says ""ayuda a..."" which is missing the verb. It should be ""ayuda a mantener la polvo bajo control"" but the original translation is incomplete. Also, ""prep your concrete"" is ""preparar el concreto,"" but the translation has ""preparar el concreto que así también,"" which is awkward.

Then, ""We prefer to do it with the hand grinders ourselves..."" translates to ""preferimos hacerlo con las molidoras a mano,"" which is correct. But ""so either way will work pretty good"" is ""así que de cualquier manera funcionará bastante bien."" That part is okay, but ""pretty good"" is a bit informal. However, the translation might be missing some words here.

The next part: ""Usually if it's got an epoxy coating already..."" translates to ""Normalmente si ya tiene una cobertura epoxi..."" which is correct. ""Las molidoras a mano funcionan un poco mejor"" is correct. But ""but this thing looks really good too."" The translation says ""pero esto también,"" which is incomplete. The original says ""this thing looks really good too,"" which should be ""esto también se ve muy bien.""

After that, ""So after we do that, we fix all the cracks..."" translates to ""Después de eso arreglamos todas las grietas..."" which is correct. ""Fix all the divots with our patch repair material and then we grind them smooth"" becomes ""reparamos los hoyos con nuestro material de reparación y luego los limpiamos."" Wait, ""grind them smooth"" is ""los molimos suavemente,"" but the translation says ""los limpiamos,"" which means ""clean them."" That's a mistake. ""Limpiar"" is cleaning, not grinding. So that's an error.

Finally, ""This is going to be a 100 % solids epoxy so it goes on and it's different procedures, different stages."" The translation is ""Será un epoxi de 100 % sólido y pasará."" ""Pasará"" is ""it will pass,"" which doesn't make sense here. The correct phrase should be ""y se aplica de manera diferente, con distintas etapas."" So the translation is missing the part about different procedures and stages.

Putting it all together, the translation has several grammatical errors, missing words, and incorrect terms. The main issues are with the first sentence, the part about grinding, and the last sentence. The translation doesn't fully convey the meaning of the source text. It's missing important parts and has incorrect verbs. Therefore, the score should be low, maybe around 20-30, as the translation is mostly incorrect and doesn't preserve the meaning.
</think>

<answer>
25
</answer>",en-es
"Score the following translation from English to Spanish on a continuous scale from 0 to 100,
where a score of zero (0) means ""no meaning preserved"" and score of one hundred (100) means ""perfect meaning and grammar"".

[Start of Source Text]
Hell, my Grandma left her husband for his brother, and I have a great uncle on the other side who left his wife for her aunt. My family may get around, but they don't get very far.
[End of Source Text]

[Start of Translation]
Maldita sea, mi abuela dejó a su esposo por su hermano, y tengo un tío abuelo del otro lado que dejó a su esposa por su tía. Mi familia puede moverse, pero no llega muy lejos.
[End of Translation]

Your answer should be a number like 0 or 1 or 2 or ... or 100, depending on your judgement.","<think>
Okay, let's see. I need to evaluate this Spanish translation from the given English text. First, I'll read both the source and the translation carefully.

The source text is about family relationships where relatives left their spouses for other family members. The key points are ""left her husband for his brother"" and ""left his wife for her aunt."" The translation uses ""dejó a su esposo por su hermano"" which seems correct. ""Hermano"" is brother, so that's right. Then ""tío abuelo del otro lado"" translates to ""great uncle on the other side,"" which matches the original. The second part is ""dejó a su esposa por su tía."" ""Tía"" is aunt, so that's accurate. 

The last sentence: ""Mi familia puede moverse, pero no llega muy lejos."" The original says ""my family may get around, but they don't get very far."" ""Puede moverse"" is ""can move around,"" which is a bit literal but works. ""No llega muy lejos"" is ""doesn't go very far,"" which is a good match. 

Now, checking grammar. The structure in Spanish seems correct. The use of ""maldita sea"" is an exclamation, which is appropriate. The verb tenses are correct. The pronouns and possessive forms are properly used. 

Are there any issues? The phrase ""get around"" might be a bit idiomatically translated. ""Moverse"" is more literal, but in context, it's understandable. The translation captures the meaning without losing the essence. The family relationships are accurately translated. 

I don't see any errors in the translation. The meaning is preserved, and the grammar is correct. So I would give a high score. Maybe 95 or 100? Wait, is there any nuance lost? The original uses ""get around"" which could imply moving between different family members, but ""puede moverse"" is a direct translation. However, in the context, it's clear that the family is connected through various relatives. The translation effectively conveys that. 

I think the translation is excellent. It's accurate, grammatically correct, and preserves the meaning. So the score should be 100.
</think>

<answer>
100
</answer>",en-es
"Score the following translation from English to Spanish on a continuous scale from 0 to 100,
where a score of zero (0) means ""no meaning preserved"" and score of one hundred (100) means ""perfect meaning and grammar"".

[Start of Source Text]
He told me he did a quote for the whole floor, but the landpeople cheaped out and only paid for the bit by the door where the integrity is gone. It feels a lot better.
[End of Source Text]

[Start of Translation]
Me dijo que hizo un presupuesto para todo el piso, pero los dueños se hicieron los tacaños y solo pagaron por la parte de la puerta donde la integridad ya no existe. Se siente mucho mejor.
[End of Translation]

Your answer should be a number like 0 or 1 or 2 or ... or 100, depending on your judgement.","<think>
Okay, let's start by looking at the source text and the translation. The source is a sentence in English that describes someone telling the speaker about a situation where they did a quote for the whole floor, but the landpeople (which I think refers to the owners or people in charge) cut corners and only paid for the part by the door where integrity is gone. The speaker feels it's better now.

The translation provided is in Spanish. Let me check each part. 

First, ""He told me he did a quote for the whole floor."" The translation says ""Me dijo que hizo un presupuesto para todo el piso."" ""Quote"" here is likely ""presupuesto"" which is correct for a quote in a business context. ""Whole floor"" is ""todo el piso,"" which makes sense. 

Next, ""but the landpeople cheaped out and only paid for the bit by the door where the integrity is gone."" The translation uses ""los dueños se hicieron los tacaños y solo pagaron por la parte de la puerta donde la integridad ya no existe."" ""Landpeople"" is translated as ""dueños,"" which is a bit of a stretch, but in this context, it might refer to the owners. ""Cheaped out"" is ""se hicieron los tacaños,"" which is a good slangy translation for being cheap. ""Bit by the door"" is ""la parte de la puerta,"" which is literal but correct. ""Where the integrity is gone"" becomes ""donde la integridad ya no existe,"" which is accurate. 

Finally, ""It feels a lot better."" The translation says ""Se siente mucho mejor."" That's a direct and correct translation. 

Now, checking for grammar and meaning. The Spanish translation seems to accurately convey the original message. The only possible issue is ""landpeople,"" which is a bit of an idiom. ""Dueños"" is a direct translation, but maybe ""dueños"" is more literal. However, in the context, it's acceptable. The rest of the sentences are grammatically correct. 

I don't see any major issues. The translation maintains the meaning, uses appropriate vocabulary, and the grammar is correct. So I'd rate this a high score, maybe 90 or 95. But maybe there's a slight nuance lost with ""landpeople."" However, given the context, it's understandable. So I think 95 is appropriate.
</think>

<answer>
95
</answer>",en-es
"Score the following translation from English to Spanish on a continuous scale from 0 to 100,
where a score of zero (0) means ""no meaning preserved"" and score of one hundred (100) means ""perfect meaning and grammar"".

[Start of Source Text]
DETONATION
[End of Source Text]

[Start of Translation]
DETONACIÓN
[End of Translation]

Your answer should be a number like 0 or 1 or 2 or ... or 100, depending on your judgement.","<think>
Okay, let's see. The task is to score the translation from English to Spanish. The source text is just ""DETONATION"" and the translation is ""DETONACIÓN"". 

First, I need to check if the words are correct. ""Detonation"" in Spanish is indeed ""detonación"". So the translation is accurate in terms of the word itself. 

Next, I should consider if there's any context or meaning that's lost. Since the original is a single word, there's no additional context. The translation directly uses the equivalent Spanish term. 

Grammar-wise, ""detonación"" is correctly spelled and used in Spanish. There's no error here. 

The score should be high because the translation is exact and preserves the meaning. Since both the source and target are single words with direct equivalents, the score should be 100. I don't see any issues here.
</think>

<answer>
100
</answer>",en-es
"Score the following translation from English to Spanish on a continuous scale from 0 to 100,
where a score of zero (0) means ""no meaning preserved"" and score of one hundred (100) means ""perfect meaning and grammar"".

[Start of Source Text]
I've definitely been going about this the wrong way.
[End of Source Text]

[Start of Translation]
Definitivamente he estado haciendo esto de la manera equivocada.
[End of Translation]

Your answer should be a number like 0 or 1 or 2 or ... or 100, depending on your judgement.","<think>
Okay, let's evaluate this translation. The source text is ""I've definitely been going about this the wrong way."" The translation provided is ""Definitivamente he estado haciendo esto de la manera equivocada.""

First, I need to check if the meaning is preserved. The original sentence is a statement about the speaker's approach being incorrect. The translation uses ""definitivamente"" which matches ""definitely."" The verb ""he estado haciendo"" translates to ""I have been doing,"" which corresponds to ""I've been going about this."" The phrase ""de la manera equivocada"" means ""the wrong way,"" which is accurate.

Now, checking grammar. The structure in Spanish is correct. The present perfect tense ""he estado"" is appropriate here. The use of ""haciendo"" (doing) fits with ""going about"" as in ""going about this."" The sentence is grammatically sound.

Are there any nuances or possible improvements? The original uses ""going about this the wrong way,"" which can be a bit more formal. The translation uses ""haciendo esto de la manera equivocada,"" which is direct but captures the same meaning. There's no significant loss of meaning here. The translation is clear and accurate. I don't see any errors that would lower the score. So, it should be a high score, maybe 95 or 100. But wait, is there any aspect I'm missing? Maybe the word ""going about"" is a bit more abstract. However, ""haciendo"" covers the idea of doing something, so it's appropriate. The translation is correct and conveys the same meaning. Therefore, I'd say it's a 100.
</think>

<answer>
100
</answer>",en-es
"Score the following translation from English to Spanish on a continuous scale from 0 to 100,
where a score of zero (0) means ""no meaning preserved"" and score of one hundred (100) means ""perfect meaning and grammar"".

[Start of Source Text]
South Wales Four Piece. The Now are proud to release their debut album Too Hot To Handle via True Music, and Callum joins me now. How are you doing, Callum? How's it going? Yeah, all good. Good yourself. Yes, I'm very good. Thank you. It's a privilege to speak to yourselves because I've been listening to your music quite a lot and since 2023. So I'm just loving the music, and I think it's something that would definitely need in the charts these days.
[End of Source Text]

[Start of Translation]
South Wales Four Piece. The Now se enorgullece de lanzar su álbum debut Too Hot To Handle a través de True Music, y Callum se une a mí ahora. ¿Cómo estás, Callum? ¿Cómo te va? Sí, todo bien. Bueno, tú también. Sí, estoy muy bien. Gracias. Es un privilegio hablar con ustedes porque he estado escuchando su música bastante y desde 2023. Así que me encanta la música, y creo que es algo que definitivamente necesita estar en las listas de éxitos en estos días.
[End of Translation]

Your answer should be a number like 0 or 1 or 2 or ... or 100, depending on your judgement.","<think>
Okay, let's evaluate this translation. First, I need to check if the meaning is preserved. The source text is a conversation where someone is talking to Callum about their album. The translation seems to capture the main points: the band's debut album, the release via True Music, and the speaker's enthusiasm about the music.

Looking at specific parts: ""The Now are proud to release their debut album"" is translated as ""The Now se enorgullece de lanzar su álbum debut."" That's correct, but ""se enorgullece"" is a bit more formal than ""are proud,"" but it's still accurate. 

Next, ""Callum joins me now"" becomes ""Callum se une a mí ahora."" That's a direct translation and makes sense. 

The dialogue: ""How are you doing, Callum? How's it going?"" is translated as ""¿Cómo estás, Callum? ¿Cómo te va?"" which is natural in Spanish. The responses ""Yeah, all good. Good yourself. Yes, I'm very good."" are translated as ""Sí, todo bien. Bueno, tú también. Sí, estoy muy bien."" That seems correct, though ""tú también"" might be a bit informal, but it's appropriate here.

The part about listening to their music since 2023: ""I've been listening to your music quite a lot and since 2023."" The translation is ""he estado escuchando su música bastante y desde 2023."" ""bastante"" is ""quite a lot,"" which is correct. 

The last sentence: ""It's a privilege to speak to yourselves because..."" becomes ""Es un privilegio hablar con ustedes porque..."" which is correct. ""Ustedes"" is plural, matching ""you yourselves."" 

The conclusion: ""I think it's something that would definitely need in the charts these days."" The translation is ""creo que es algo que definitivamente necesita estar en las listas de éxitos en estos días."" ""Necesita estar en las listas de éxitos"" is a good translation for ""need in the charts."" 

Now, checking grammar and structure. The sentences are mostly correct. However, ""bastante"" can sometimes be replaced with ""mucho"" for ""quite a lot,"" but ""bastante"" is acceptable. Also, ""listas de éxitos"" is correct for ""charts."" 

Possible minor issues: ""se enorgullece"" is third person singular, which matches ""The Now"" (a band, so treated as a singular entity). ""Ustedes"" is correct for plural. 

Overall, the translation preserves the meaning and is grammatically correct. The only possible tweak is ""bastante"" vs. ""mucho,"" but that's a minor point. So I'd rate this a high score, maybe 95. But wait, is there any part where the meaning is lost? Let me check again. 

The phrase ""would definitely need in the charts"" is translated as ""definitivamente necesita estar en las listas de éxitos."" That's accurate. The speaker's enthusiasm is clear. 

I think the translation is very good, so a score of 95 or 90. Maybe 95. But maybe 90 because of the ""bastante"" and ""tú también."" Alternatively, 95. Hmm. Considering that the translation is almost perfect, I'll go with 95.
</think>

<answer>
95
</answer>",en-es
"Score the following translation from English to Spanish on a continuous scale from 0 to 100,
where a score of zero (0) means ""no meaning preserved"" and score of one hundred (100) means ""perfect meaning and grammar"".

[Start of Source Text]
@user7 who give a crap, go Badgers Women’s hockey! Hahaha
[End of Source Text]

[Start of Translation]
@user7 ¿A quién le importa? ¡Vamos Badgers! ¡Que gane el hockey femenino! Jajaja
[End of Translation]

Your answer should be a number like 0 or 1 or 2 or ... or 100, depending on your judgement.","<think>
Okay, let's evaluate this translation. First, I need to understand the source text and the translation. The original message is a bit informal and includes some slang. The user is addressing @user7, saying ""who give a crap"" which is a colloquial way of saying ""who cares."" Then they're encouraging the Badgers Women’s hockey team with ""go Badgers Women’s hockey!"" followed by ""Hahaha"" for laughter.

The translation provided is: ""@user7 ¿A quién le importa? ¡Vamos Badgers! ¡Que gane el hockey femenino! Jajaja"". Let's break this down. 

First part: ""¿A quién le importa?"" translates to ""Who cares?"" which matches ""who give a crap."" That seems accurate. The next part is ""¡Vamos Badgers!"" which is ""Go Badgers!"" matching the original. Then ""¡Que gane el hockey femenino!"" is ""May the women's hockey win,"" which is a bit more formal than the original's ""go Badgers Women’s hockey!"" but still conveys the same encouragement. The last part is ""Jajaja,"" which is a Spanish equivalent of ""Hahaha,"" so that's correct.

Now, considering the tone and formality. The original uses ""give a crap,"" which is very informal and even a bit rude. The translation uses ""¿A quién le importa?"" which is more of a rhetorical question, but still captures the same dismissive tone. The rest of the translation is pretty direct. However, ""hockey femenino"" is the correct term for ""women's hockey"" in Spanish, so that's accurate. 

Is there any part where the translation might not capture the original's intent? The original says ""go Badgers Women’s hockey!"" which is a bit more specific. The translation says ""¡Vamos Badgers!"" which is ""Go Badgers,"" and then ""¡Que gane el hockey femenino!"" which is a separate encouragement. The original might be more of a rallying cry, but the translation splits it into two parts. However, that's still understandable. 

The use of ""Jajaja"" is correct for ""Hahaha."" The overall structure is maintained. The only possible issue is that the translation might be slightly more formal in parts, but since the original is informal, the translation's formality is acceptable. 

I think the translation is accurate in meaning and grammar. It captures the key elements: the dismissive comment, the encouragement for the team, and the laughter. There's no major error in grammar or meaning. So I would give this a high score, maybe 90 or 95. But maybe 95 because the original is very informal, and the translation is a bit more formal in parts. Wait, ""¿A quién le importa?"" is a common way to say ""who cares,"" so that's good. The rest is correct. So I think 95 is appropriate.
</think>

<answer>
95
</answer>",en-es
"Score the following translation from English to Spanish on a continuous scale from 0 to 100,
where a score of zero (0) means ""no meaning preserved"" and score of one hundred (100) means ""perfect meaning and grammar"".

[Start of Source Text]
Nyssi blinked and turned back to Tenuk. ""Of course he can drive.""
[End of Source Text]

[Start of Translation]
Nyssi parpadeó y regresó a Tenuk "". Por supuesto, puede conducir"".
[End of Translation]

Your answer should be a number like 0 or 1 or 2 or ... or 100, depending on your judgement.","<think>
Okay, let's evaluate this translation. The source text is ""Nyssi blinked and turned back to Tenuk. 'Of course he can drive.'"" The translation provided is ""Nyssi parpadeó y regresó a Tenuk '. Por supuesto, puede conducir'.""

First, I need to check if the meaning is preserved. The original has two parts: an action (blinking and turning back) and a dialogue. The translation correctly uses ""parpadeó"" for blinked and ""regresó a Tenuk"" for turned back to Tenuk. The dialogue part is ""Por supuesto, puede conducir,"" which translates to ""Of course he can drive."" That seems accurate.

Now, grammar. The Spanish sentence structure looks correct. The verb tenses match. The dialogue is properly enclosed in quotes. However, I notice a small punctuation issue. In the translation, there's a space before the closing quote after ""Tenuk"", which should be a period. The original has a period after ""Tenuk"" before the quote, but in the translation, it's a space. Wait, looking again: the original source text has the dialogue after the action, so in Spanish, it should be ""Nyssi parpadeó y regresó a Tenuk. 'Por supuesto, puede conducir'."" The translation provided has a space before the closing quote, which is incorrect. It should be a period followed by the quote. So that's a minor error in punctuation.

Another thing: the original dialogue is in quotes, and the Spanish translation uses the same structure. The word order in the dialogue is correct. ""Por supuesto, puede conducir"" is the correct translation of ""Of course he can drive.""

So, the main issues are the punctuation mark before the closing quote. The rest of the translation is accurate. Since punctuation is important for clarity, this might lower the score slightly. But the overall meaning and grammar are correct. I would say the translation is very good, maybe 95 or 97. But since the punctuation is wrong, maybe 95. However, sometimes in translations, especially if the original has a period before the quote, the translator might have intended to keep it as is. Wait, the original source text has the dialogue after the action, so the structure is ""Nyssi blinked and turned back to Tenuk. 'Of course he can drive.'"" In Spanish, that would be ""Nyssi parpadeó y regresó a Tenuk. 'Por supuesto, puede conducir'."" The translation provided has a space before the closing quote, which is incorrect. The correct punctuation should be a period followed by the quote. Therefore, the translation has a punctuation error. That's a minor issue, but it affects the grammar. So, maybe a score of 95, but if the punctuation is considered critical, maybe 93. However, in many cases, such errors might not be considered severe. Alternatively, maybe the translator omitted the period, but the original has a period. So the translation is missing the period before the quote. Therefore, that's a mistake. So the score would be around 95, but if the punctuation is considered a major issue, maybe 90. But I think the main points are correct, so 95 is reasonable.
</think>

<answer>
95
</answer>",en-es
"Score the following translation from English to Spanish on a continuous scale from 0 to 100,
where a score of zero (0) means ""no meaning preserved"" and score of one hundred (100) means ""perfect meaning and grammar"".

[Start of Source Text]
With a quick jolt, I felt a shiver enthrall its way down my spine as I made my way out of the apartment; weird. Ignoring the feeling, I urged myself to head towards Al’s to investigate a little, but my legs moved towards Anton’s small bar – it was a pretty calm place, and I definitely needed to talk to someone. Who better than a bartender who owes you something?
[End of Source Text]

[Start of Translation]
Con un rápido sobresalto, sentí un escalofrío recorrer mi columna vertebral mientras salía del apartamento. Extraño. Ignoré la sensación y me dirigí a casa de Al para investigar un poco, pero mis piernas se movieron hacia el pequeño bar de Anton. Era un lugar bastante tranquilo, y definitivamente necesitaba hablar con alguien. ¿Quién mejor que un bartender que te debe un favor?
[End of Translation]

Your answer should be a number like 0 or 1 or 2 or ... or 100, depending on your judgement.","<think>
Okay, let me evaluate this translation. First, I need to check if the meaning is preserved. The source text talks about a quick jolt, a shiver down the spine, feeling weird, ignoring the feeling, heading to Al's to investigate, but legs moving to Anton's bar, which is calm, and needing to talk to someone, especially a bartender who owes them something.

Looking at the translation: ""Con un rápido sobresalto, sentí un escalofrío recorrer mi columna vertebral mientras salía del apartamento. Extraño. Ignoré la sensación y me dirigí a casa de Al para investigar un poco, pero mis piernas se movieron hacia el pequeño bar de Anton. Era un lugar bastante tranquilo, y definitivamente necesitaba hablar con alguien. ¿Quién mejor que un bartender que te debe un favor?""

First sentence: ""With a quick jolt, I felt a shiver enthrall its way down my spine..."" The translation uses ""con un rápido sobresalto"" which is ""with a quick startle"" or ""jolt"". ""Sentí un escalofrío recorrer mi columna vertebral"" is ""felt a shiver run down my spine"". That seems accurate. ""While I made my way out of the apartment"" is ""mientras salía del apartamento"". That's correct.

Next: ""weird."" The translation has ""Extraño."" That's a direct translation and correct.

""Ignoring the feeling, I urged myself to head towards Al’s to investigate a little, but my legs moved towards Anton’s small bar – it was a pretty calm place, and I definitely needed to talk to someone. Who better than a bartender who owes you something?""

Translation: ""Ignoré la sensación y me dirigí a casa de Al para investigar un poco, pero mis piernas se movieron hacia el pequeño bar de Anton. Era un lugar bastante tranquilo, y definitivamente necesitaba hablar con alguien. ¿Quién mejor que un bartender que te debe un favor?""

Checking each part: ""Ignoré la sensación"" is correct. ""Me dirigí a casa de Al"" – ""headed towards Al's"" is correct. ""Para investigar un poco"" – ""to investigate a little"" is correct. ""Pero mis piernas se movieron hacia el pequeño bar de Anton."" – ""but my legs moved towards Anton's small bar"" – correct. ""Era un lugar bastante tranquilo"" – ""it was a pretty calm place"" – ""bastante"" is ""quite"" or ""rather"", which is okay. ""Y definitivamente necesitaba hablar con alguien."" – ""and I definitely needed to talk to someone."" Correct.

""¿Quién mejor que un bartender que te debe un favor?"" – ""Who better than a bartender who owes you a favor?"" The original says ""who owes you something"", which is more general. The translation uses ""debe un favor"" which is ""owes you a favor"", which is specific. However, ""something"" is more general, so maybe that's a slight difference. But in context, ""debe un favor"" is appropriate. The question mark is correctly placed.

Grammar-wise, the translation seems correct. The structure is accurate. The use of ""bastante"" for ""pretty"" is acceptable. The sentence structure in Spanish is correct. The only possible issue might be the slight difference between ""something"" and ""a favor"", but in the context, ""a favor"" is a common expression and fits well. 

So overall, the translation is accurate, preserves the meaning, and has good grammar. I think it's a high score. Maybe 95? But maybe there's a minor issue. Let me check again. The original says ""investigate a little"" which is ""investigar un poco"" – correct. ""Anton’s small bar"" is ""el pequeño bar de Anton"" – correct. ""It was a pretty calm place"" – ""bastante tranquilo"" is okay. The last sentence's ""who better than a bartender who owes you something"" is translated as ""¿Quién mejor que un bartender que te debe un favor?"" which is correct. 

I think the translation is very good. Maybe 95 or 97. But maybe 95 is safer. Alternatively, maybe 98. Wait, the original says ""owes you something"" which is more general. The translation uses ""debe un favor"" which is a specific instance of ""something"". However, in the context, ""a bartender who owes you a favor"" is a common phrase and makes sense. So the translation is accurate. Therefore, I would give it a high score, maybe 95.
</think>

<answer>
95
</answer>",en-es
"Score the following translation from English to Spanish on a continuous scale from 0 to 100,
where a score of zero (0) means ""no meaning preserved"" and score of one hundred (100) means ""perfect meaning and grammar"".

[Start of Source Text]
Ready to fix my fatigue, I took a few sips of the coffee placed in front of me. “Business still down since that sighting..?” I spoke quietly, not attempting to scare away the remaining customers that Anton’s unit had. He nodded, cleaning a glass with a rag – this place is technically a bar, but I never really came for drinks. A few murmurs could be heard from behind, but for the most part, the conversation between me and Anton was held rather short tonight. Waving him a small goodbye, I left the shop; with a little more energy than before.
[End of Source Text]

[Start of Translation]
Listo para combatir mi fatiga, di unos sorbos al café que estaba frente a mí. —¿Los negocios siguen mal desde ese avistamiento...? —pregunté en voz baja, sin intentar asustar a los clientes que aún quedaban en el local de Anton. Él asintió mientras limpiaba un vaso con un trapo. Técnicamente, este lugar es un bar, pero yo nunca iba realmente por las bebidas. Se podían escuchar algunos murmullos detrás de mí, pero, en su mayor parte, la conversación entre yo y Anton fue bastante corta esa noche. Le hice una pequeña señal de despedida y salí del local, sintiéndome un poco más energizado que antes.
[End of Translation]

Your answer should be a number like 0 or 1 or 2 or ... or 100, depending on your judgement.","<think>
Okay, let's evaluate this translation. First, I need to check if the meaning is preserved. The source text is a narrative about someone having coffee, talking to Anton, and leaving the shop. The translation seems to capture the same events.

Looking at the grammar: ""Listo para combatir mi fatiga"" – ""Ready to fight my fatigue"" which is a bit different from ""fix my fatigue,"" but the meaning is similar. ""Di unos sorbos"" is correct for ""took a few sips."" The dialogue is in quotes, which matches the original. 

The part about the bar and not coming for drinks is accurately translated. The murmurs and the short conversation are there. The goodbye and leaving with more energy are also present. 

I notice that ""sintiéndome un poco más energizado que antes"" is ""feeling a bit more energized than before,"" which matches the original. The only possible issue might be the phrase ""combatir mi fatiga"" versus ""fix my fatigue,"" but ""combatir"" is a good fit here. 

No obvious grammatical errors. The flow of the translation is smooth and natural in Spanish. The context is maintained, and all key points from the source are included. I don't see any omissions or additions that would affect the meaning. 

So, the translation is accurate, maintains the original meaning, and has good grammar. I'd rate it a high score, maybe 95 or 100. But wait, is there anything I missed? Let me check again. The dialogue is correctly quoted, the actions are all there, and the tone is consistent. I think it's perfect. Maybe 98 or 100. Wait, the original says ""with a little more energy than before,"" which the translation uses ""un poco más energizado que antes."" That's correct. I think it's a perfect translation. So 100.
</think>

<answer>
100
</answer>",en-es
"Score the following translation from English to Spanish on a continuous scale from 0 to 100,
where a score of zero (0) means ""no meaning preserved"" and score of one hundred (100) means ""perfect meaning and grammar"".

[Start of Source Text]
“I have to go.” They said, suddenly feeling uncomfortable when the prince said back. Remembering all the bad things people said about their gender identity. I really want to get away from him.
[End of Source Text]

[Start of Translation]
“Tengo que irme.” Dijo de repente sintiéndose incómodo cuando el príncipe dijo la contrarréplica. Recordando todas las malas cosas que la gente dijo sobre su género. Realmente quiero salir de él.
[End of Translation]

Your answer should be a number like 0 or 1 or 2 or ... or 100, depending on your judgement.","<think>
Okay, let's evaluate this translation. First, I need to check if the meaning is preserved. The original text is a dialogue where someone says they have to go, then feels uncomfortable when the prince responds. The person is remembering negative things people said about their gender identity and wants to leave.

Looking at the translation: ""Tengo que irme."" That's correct for ""I have to go."" Then ""Dijo de repente sintiéndose incómodo cuando el príncipe dijo la contrarréplica."" The structure here is a bit off. The original says ""They said, suddenly feeling uncomfortable when the prince said back."" The translation uses ""dijo de repente"" which is ""said suddenly,"" but the original has the feeling of discomfort as part of the speaker's reaction. The phrase ""sintiéndose incómodo"" is correctly placed, but the structure might be better as ""dijo de repente, sintiéndose incómodo..."" to match the original's flow.

Next part: ""Recordando todas las malas cosas que la gente dijo sobre su género."" The original is ""Remembering all the bad things people said about their gender identity."" The translation uses ""su género"" which is ""their gender,"" but ""género"" in Spanish can sometimes be more about the social construct, while ""gender identity"" is more about personal identity. However, ""género"" is a common term, so it's acceptable here.

Finally: ""Realmente quiero salir de él."" The original is ""I really want to get away from him."" ""Salir de él"" is ""get away from him,"" which is correct. The translation is grammatically correct here.

Now, checking for grammar. The translation has some issues with the structure in the second sentence. The original has the feeling of discomfort as part of the speaker's action when the prince responds. The translation might be slightly off in the placement of the adverbial clause. Also, ""contrarréplica"" is a bit of a stretch; ""contraréplica"" is a literal translation, but in context, ""respondió"" (responded) would be more natural. However, the use of ""contrarréplica"" is not incorrect, though it's a bit more formal.

Overall, the translation captures the meaning but has some minor grammatical issues and a slight awkwardness in structure. The key points are preserved, so the score should be around 80-85. But since the user might be strict on grammar, maybe 80. Alternatively, if the structure is considered acceptable, maybe 85. Wait, the original says ""they said, suddenly feeling uncomfortable when the prince said back."" The translation uses ""dijo de repente sintiéndose incómodo cuando el príncipe dijo la contrarréplica."" The placement of ""sintiéndose incómodo"" is correct, but ""dijo de repente"" might be better as ""dijo de repente, sintiéndose incómodo..."" to make it clearer. However, the translation is still understandable. The main issue is the use of ""contrarréplica,"" which is not common. So maybe a 75? Or 80. Considering that the core meaning is there, and the grammar is mostly correct, I'd say 80.
</think>

<answer>
80
</answer>",en-es
"Score the following translation from English to Spanish on a continuous scale from 0 to 100,
where a score of zero (0) means ""no meaning preserved"" and score of one hundred (100) means ""perfect meaning and grammar"".

[Start of Source Text]
Battery is good. Now we can see this IC is dislocated from the PCB. We can see the condition of this IC. Now this track is coming here. This track is damaged.
[End of Source Text]

[Start of Translation]
La batería es buena. Ahora podemos ver que este IC está dislocado de la PCB. Podemos ver el estado de este IC. Ahora esta pista viene aquí. Esta pista está dañada.
[End of Translation]

Your answer should be a number like 0 or 1 or 2 or ... or 100, depending on your judgement.","<think>
Okay, let's evaluate this translation. First, I need to check if the meaning is preserved. The source text talks about a battery being good, an IC dislocated from the PCB, the condition of the IC, a track coming here, and the track being damaged.

Looking at the translation: ""La batería es buena."" That's correct. ""Now we can see this IC is dislocated from the PCB."" The Spanish says ""este IC está dislocado de la PCB."" ""Dislocated"" here probably refers to the IC not being properly seated, so ""dislocado"" is the right term. 

Next sentence: ""We can see the condition of this IC."" The translation is ""Podemos ver el estado de este IC."" ""Estado"" means condition, so that's accurate. 

Then: ""Now this track is coming here."" The Spanish says ""Ahora esta pista viene aquí."" ""Pista"" is track, and ""viene aquí"" is ""comes here."" That seems correct. 

Finally: ""This track is damaged."" ""Esta pista está dañada."" ""Dañada"" is damaged, which is correct. 

Now, checking grammar. All the sentences are correctly structured in Spanish. The verbs are in the right tense and agreement. The use of ""esta"" for ""this track"" is correct. 

Are there any issues? Maybe ""dislocado"" could be more precise, but in technical contexts, it's acceptable. Also, ""pista"" is the right term for track in electronics. 

No obvious errors. The translation is accurate and grammatically correct. So I'd say it's a high score. Maybe 95 or 100? Wait, is there anything missing? The original mentions ""this track is coming here"" which is a bit ambiguous, but the translation captures that. 

I think it's perfect. So the score should be 100.
</think>

<answer>
100
</answer>",en-es
"Score the following translation from English to Spanish on a continuous scale from 0 to 100,
where a score of zero (0) means ""no meaning preserved"" and score of one hundred (100) means ""perfect meaning and grammar"".

[Start of Source Text]
We always start with a rough pencil sketch…
[End of Source Text]

[Start of Translation]
Siempre empezamos con un boceto a lápiz...
[End of Translation]

Your answer should be a number like 0 or 1 or 2 or ... or 100, depending on your judgement.","<think>
Okay, let's evaluate this translation. The source text is ""We always start with a rough pencil sketch…"" and the translation is ""Siempre empezamos con un boceto a lápiz..."".

First, I need to check if the meaning is preserved. The original says ""we always start with a rough pencil sketch"". The translation uses ""siempre"" for ""always"", ""empezamos"" for ""start"", ""con un boceto a lápiz"" for ""with a rough pencil sketch"". 

""Rough pencil sketch"" is translated as ""boceto a lápiz"". ""Boceto"" means sketch or outline, and ""a lápiz"" is pencil. So that part seems accurate. The structure of the sentence is correct in Spanish. The ellipsis at the end is maintained, which is appropriate for a sentence fragment.

I should check for any possible errors. ""Boceto"" can sometimes be more like a rough draft, but in this context, it's appropriate. ""A lápiz"" is correct for pencil. The verb ""empezamos"" is the correct conjugation for ""we start"". 

There's no grammatical error here. The translation is direct and accurate. It maintains the original meaning and structure. So I think this is a high-quality translation. Maybe a 95 or 100? But maybe there's a slight nuance. ""Rough"" could be ""aproximado"" or ""vago"", but ""boceto"" already implies a rough sketch. So I think it's perfect. Score 100.
</think>

<answer>
100
</answer>",en-es
"Score the following translation from English to Spanish on a continuous scale from 0 to 100,
where a score of zero (0) means ""no meaning preserved"" and score of one hundred (100) means ""perfect meaning and grammar"".

[Start of Source Text]
This is an authentic and real old footage, of a true certain giant individual from Japan, walking in some military parade. What's shocking about it, is his actual size. He has a statue of at least 4 meters high, which is minimum 13 feet. Thus, he is genuinely taller, and more massive than each and every other NBA player, for example, like Shaquille O'Neill, or Yao Ming.
[End of Source Text]

[Start of Translation]
Esta es una película muy antigua y auténtica, de un cierto individuo gigante de Japón. caminando en un desfile militar. Lo que Tiene una estatua de al menos 4 metros Así que es realmente más alto y más pesado que cualquier otro jugador de la NBA, por ejemplo,
[End of Translation]

Your answer should be a number like 0 or 1 or 2 or ... or 100, depending on your judgement.","<think>
Okay, let's evaluate this translation. First, I need to compare the source text and the translation carefully.

The source text talks about authentic old footage of a giant Japanese individual in a military parade, highlighting his actual size with a 4-meter statue (about 13 feet), and comparing him to NBA players like Shaquille O'Neill and Yao Ming.

Looking at the translation: ""Esta es una película muy antigua y auténtica, de un cierto individuo gigante de Japón. caminando en un desfile militar. Lo que Tiene una estatua de al menos 4 metros Así que es realmente más alto y más pesado que cualquier otro jugador de la NBA, por ejemplo,""

First, ""authentic and real old footage"" is translated as ""una película muy antigua y auténtica"". ""Película"" usually means movie, but ""footage"" is more like ""vídeo"" or ""grabación"". So that's a possible issue. Also, ""real old"" might be better as ""antigua y real"" but the translation uses ""muy antigua y auténtica"", which is okay but not perfect.

Next, ""of a true certain giant individual from Japan"" becomes ""de un cierto individuo gigante de Japón"". ""Cierto"" here might be a bit awkward. The original says ""true certain"", which is a bit redundant, but the translation captures ""gigante"" which is correct.

""Walking in some military parade"" is ""caminando en un desfile militar"". That's accurate.

""Lo que Tiene una estatua de al menos 4 metros"" – the original says ""What's shocking about it, is his actual size. He has a statue of at least 4 meters..."" The translation starts with ""Lo que Tiene una estatua..."" which is grammatically incorrect. It should be ""Lo que es sorprendente es que tiene una estatua..."" or similar. The word ""Tiene"" is missing the subject, making it a fragment.

"" Así que es realmente más alto y más pesado que cualquier otro jugador de la NBA, por ejemplo,"" – the original mentions comparing to NBA players like Shaquille O'Neill and Yao Ming. The translation ends with ""por ejemplo,"" but doesn't list the names, which is a problem. Also, ""más pesado"" is correct for ""more massive"", but the sentence is incomplete.

So, the main issues are grammatical errors, missing parts of the original text, and some vocabulary choices that don't perfectly match. The translation is understandable but has several inaccuracies and omissions. The score should reflect these issues.
</think>

<answer>
40
</answer>",en-es
"Score the following translation from English to Spanish on a continuous scale from 0 to 100,
where a score of zero (0) means ""no meaning preserved"" and score of one hundred (100) means ""perfect meaning and grammar"".

[Start of Source Text]
Tenuk didn't respond, he was too busy concentrating on flying towards Nyssi and Thassalin, even though the other creature was chasing them. Kayel awkwardly turned himself around, so he could face the monster. The fact that it was giving chase was good news in Kayel's eyes, as it made it easier for him to aim and fire. Two shots passed through the creature's top wings, and it roared in pain, disappearing back below the trees. Whether it was still following them, Kayel wasn't sure, but it certainly wouldn't have been able to keep up.
[End of Source Text]

[Start of Translation]
Tenuk no respondió, estaba demasiado ocupado concentrado en volar hacia Nyssi y Thassalin, incluso aunque la otra criatura los estaba persiguiendo. Kayel se volvió incómodamente hacia el otro lado para poder enfrentarse a la bestia. El hecho de que estuviera persiguiéndolos era buena noticia para Kayel, ya que le hacía más fácil apuntar y disparar. Dos disparos pasaron a través de las alas superiores de la criatura, y rugió de dolor, desapareciendo de nuevo entre los árboles. Si todavía los seguía, Kayel no estaba seguro, pero ciertamente no podría mantener el ritmo.
[End of Translation]

Your answer should be a number like 0 or 1 or 2 or ... or 100, depending on your judgement.","<think>
Okay, let's start by reading through the source text and the translation carefully. The source is a narrative about Tenuk and Kayel in a situation where they're being chased by a creature. The translation needs to be evaluated for accuracy in meaning, grammar, and style.

First, I'll check the basic grammar. The Spanish translation seems to have correct grammar. Words like ""respondió,"" ""concentrado,"" ""persiguiéndolos,"" and ""disparos"" are correctly used. The sentence structures in Spanish match the English original. For example, ""Tenuk no respondió, estaba demasiado ocupado concentrado en volar hacia..."" correctly conveys that Tenuk didn't respond because he was busy flying.

Next, I'll look at the meaning. The translation captures the main points of the source. Tenuk is focused on flying, Kayel turns around to face the monster, the fact that the creature is chasing them is good news, and the creature is hit by two shots. The translation also includes the uncertainty about whether the creature is still following them. All key elements are present.

Now, checking for any possible errors or omissions. The phrase ""even though the other creature was chasing them"" is translated as ""incluso aunque la otra criatura los estaba persiguiendo."" The use of ""incluso aunque"" is correct here. The word ""incómodamente"" for ""awkwardly"" is appropriate, though ""incómodamente"" can sometimes imply discomfort, which might be a slight nuance. However, in this context, it's acceptable.

Another point is ""the fact that it was giving chase was good news..."" which is translated as ""El hecho de que estuviera persiguiéndolos era buena noticia..."" The verb tense is correct. ""Si todavía los seguía, Kayel no estaba seguro..."" accurately reflects the uncertainty in the original.

I should also check for any literal translations that might not convey the intended meaning. For example, ""Two shots passed through the creature's top wings"" is translated as ""Dos disparos pasaron a través de las alas superiores de la criatura."" That's accurate. ""Roaring in pain, disappearing back below the trees"" becomes ""rugió de dolor, desapareciendo de nuevo entre los árboles."" The action of the creature roaring and disappearing is correctly rendered.

The last sentence: ""Whether it was still following them, Kayel wasn't sure, but it certainly wouldn't have been able to keep up."" The translation uses ""Si todavía los seguía, Kayel no estaba seguro, pero ciertamente no podría mantener el ritmo."" This captures the uncertainty and the impossibility of keeping up.

I don't see any major issues. The translation is faithful to the original in terms of meaning and grammar. The style is consistent with the source, maintaining the narrative tone. There are no obvious errors, so the score should be high. However, I should check if there's any minor issue that might lower the score. For instance, ""incómodamente"" might be slightly more than just ""awkwardly,"" but in context, it's acceptable. Also, ""desapareciendo de nuevo entre los árboles"" is a bit more literal than ""disappearing back below the trees,"" but it's still accurate.

Considering all these points, the translation is very accurate. I would rate it a high score, maybe 95 or 90. But since there's no major flaw, perhaps 95. However, some might argue that ""incómodamente"" is slightly more than needed, but given the context, it's acceptable. Therefore, a score of 95 seems appropriate.
</think>

<answer>
95
</answer>",en-es
"Score the following translation from English to Spanish on a continuous scale from 0 to 100,
where a score of zero (0) means ""no meaning preserved"" and score of one hundred (100) means ""perfect meaning and grammar"".

[Start of Source Text]
The first is that a blanket law clearing hundreds of people may inadvertently include some who were guilty but, given the pressing need to clear the innocent, this may be a price worth paying. The second is more serious. A law overturning court verdicts may set a dangerous precedent at a time when populists are testing the boundaries of political power.
[End of Source Text]

[Start of Translation]
La primera es que una ley general que exculpe a cientos de personas puede incluir inadvertidamente a algunas que eran culpables pero, dada la apremiante necesidad de exculpar a los inocentes, puede ser un precio que merezca la pena pagar. El segundo es más grave. Una ley que anule los veredictos de los tribunales puede sentar un precedente peligroso en un momento en que los populistas están poniendo a prueba los límites del poder político.
[End of Translation]

Your answer should be a number like 0 or 1 or 2 or ... or 100, depending on your judgement.","<think>
Okay, let's evaluate this translation. First, I need to check if the meaning is preserved. The source text talks about two points. The first is about a blanket law that might mistakenly include guilty people, but it's worth paying the price to clear the innocent. The second is a more serious issue where a law overturning court verdicts could set a dangerous precedent when populists are testing political power.

Looking at the translation: ""La primera es que una ley general que exculpe a cientos de personas..."" That seems accurate. ""Exculpe"" is ""exculpate"" in English, which matches ""clearing"" in the source. The part about including some who were guilty is there. Then ""dada la apremiante necesidad de exculpar a los inocentes"" translates to ""given the pressing need to clear the innocent,"" which is correct. ""Puede ser un precio que merezca la pena pagar"" is ""may be a price worth paying,"" so that's good.

Second point: ""Una ley que anule los veredictos de los tribunales"" is ""a law overturning court verdicts,"" which is accurate. ""Puede sentar un precedente peligroso en un momento en que los populistas están poniendo a prueba los límites del poder político."" That translates to ""may set a dangerous precedent at a time when populists are testing the boundaries of political power."" The terms ""sentar un precedente"" is ""set a precedent,"" and ""poniendo a prueba los límites"" is ""testing the boundaries,"" so that's correct.

Now, grammar and structure. The sentences are structured similarly in Spanish, which is good. The use of ""exculpe"" and ""anule"" are correct verbs. The conjunctions like ""pero"" and ""en un momento en que"" are appropriately used. The translation flows naturally and maintains the original's formal tone.

I don't see any obvious errors. The translation accurately conveys the meaning of the source text. The only possible minor point is ""exculpe"" which is ""exculpate"" in English, but in the context, ""exculpe"" is the correct form for ""clear"" in legal terms. Also, ""veredictos de los tribunales"" is correct for ""court verdicts.""

So, considering that the translation is accurate, maintains the meaning, and has correct grammar, I would give it a high score. Maybe 95 or 100. But wait, is there anything I missed? Let me check again. The source mentions ""pressing need to clear the innocent,"" and the translation uses ""apremiante necesidad de exculpar a los inocentes,"" which is correct. The second part about populists testing political power is also accurately translated. I think it's perfect. So, 100.
</think>

<answer>
100
</answer>",en-es
"Score the following translation from English to Spanish on a continuous scale from 0 to 100,
where a score of zero (0) means ""no meaning preserved"" and score of one hundred (100) means ""perfect meaning and grammar"".

[Start of Source Text]
some of us are still putting people on pedestals only to act shocked when they fall.
[End of Source Text]

[Start of Translation]
algunos de nosotros todavía ponemos a la gente en pedestales solo para quedarnos sorprendidos cuando caen.
[End of Translation]

Your answer should be a number like 0 or 1 or 2 or ... or 100, depending on your judgement.","<think>
Okay, let's evaluate this translation. The source text is ""some of us are still putting people on pedestals only to act shocked when they fall."" The translation given is ""algunos de nosotros todavía ponemos a la gente en pedestales solo para quedarnos sorprendidos cuando caen.""

First, I need to check if the meaning is preserved. The original sentence talks about people putting others on pedestals and then being shocked when they fall. The translation uses ""ponemos a la gente en pedestales"" which is ""put people on pedestals,"" that's accurate. Then ""solo para quedarnos sorprendidos"" translates to ""only to act shocked,"" which seems correct. ""Cuando caen"" is ""when they fall,"" so that part is also accurate.

Now, grammar and structure. The Spanish sentence structure is correct. The use of ""algunos de nosotros"" is correct for ""some of us."" ""Todavía"" is correctly placed for ""still."" The verb tenses match. The conjunction ""solo para"" is properly used here. The pronoun ""nos"" in ""quedarnos sorprendidos"" refers back to ""we,"" which matches the original.

Are there any issues? Maybe the word ""pedestales"" is plural, which is correct since ""pedestal"" is singular but can be plural in Spanish. The sentence flows naturally in Spanish. The translation captures the nuance of the original sentence. There's no literal translation error here. The meaning is clear and the grammar is correct. So I think this is a high score. Maybe 95 or 100? Let me check again. The original uses ""act shocked,"" which is ""quedarnos sorprendidos"" in Spanish. That's a good translation. No mistakes noticed. So I'd say 100.
</think>

<answer>
100
</answer>",en-es
"Score the following translation from English to Spanish on a continuous scale from 0 to 100,
where a score of zero (0) means ""no meaning preserved"" and score of one hundred (100) means ""perfect meaning and grammar"".

[Start of Source Text]
there is too much to focus on and no way to streamline it … will we ever escape the oversaturation?
[End of Source Text]

[Start of Translation]
Hay demasiado en lo que fijarse y no hay forma de racionalizarlo... ¿Escaparemos alguna vez de la sobresaturación?
[End of Translation]

Your answer should be a number like 0 or 1 or 2 or ... or 100, depending on your judgement.","<think>
Okay, let's start by understanding the source text and the translation. The original English is: ""there is too much to focus on and no way to streamline it … will we ever escape the oversaturation?"" The translation provided is: ""Hay demasiado en lo que fijarse y no hay forma de racionalizarlo... ¿Escaparemos alguna vez de la sobresaturación?""

First, I need to check if the meaning is preserved. The original talks about having too much to focus on and not being able to streamline it, followed by a question about escaping oversaturation. The translation uses ""demasiado en lo que fijarse"" which is ""too much to focus on,"" that seems accurate. ""No hay forma de racionalizarlo"" translates to ""no way to streamline it,"" but ""racionalizar"" here might be a bit off. ""Rationalize"" can sometimes mean to make more efficient, but in this context, ""streamline"" is more about making things simpler or more efficient. Maybe ""racionalizar"" is a bit different, but it's close enough.

The second part is ""¿Escaparemos alguna vez de la sobresaturación?"" which is ""Will we ever escape the oversaturation?"" The word ""sobresaturación"" is the correct Spanish term for ""oversaturation."" So that part is accurate.

Now, grammar. The structure of the sentences in Spanish seems correct. The use of ""Hay"" for ""there is,"" the use of ""no hay forma de"" for ""no way to,"" and the question mark at the end. The ellipsis in the original is preserved as ""..."", which is appropriate in Spanish.

However, ""racionalizar"" might not be the best choice here. The original says ""streamline,"" which could be better translated as ""simplificar"" or ""optimizar."" But ""racionalizar"" is understandable in some contexts. However, in this case, the intended meaning is more about making things more efficient, so maybe ""optimizar"" would be better. But since the translation uses ""racionalizar,"" which is a bit different, that's a minor issue.

Another point is the use of ""fijarse"" for ""focus on."" ""Fijarse en algo"" is correct, so that's fine. The rest of the sentence structure is correct.

Overall, the translation captures the meaning and the tone of the original text. The only possible issue is the word ""racionalizar"" instead of a more direct synonym for ""streamline."" But given that ""racionalizar"" can sometimes be used in a context of making something more efficient, it might be acceptable. Therefore, the translation is mostly accurate, with a minor vocabulary choice that's slightly off but not a major issue. So I'd give it a high score, maybe around 90-95. But since the user is asking for a precise score, and considering that ""racionalizar"" is a bit off, maybe 90 is appropriate.
</think>

<answer>
90
</answer>",en-es
"Score the following translation from English to Spanish on a continuous scale from 0 to 100,
where a score of zero (0) means ""no meaning preserved"" and score of one hundred (100) means ""perfect meaning and grammar"".

[Start of Source Text]
Welcome. Welcome, everyone. I'm just going to make sure that all of this is working. It just takes a minute. So I came on a bit early just to make sure, just washed my hands and getting ready to go. So I'm just finishing setting up. I think we're good. I'm going to make mistakes so I can feel it. It's one of those days. So I'll just wait until people get on and then we'll get started.
[End of Source Text]

[Start of Translation]
Bienvenido. Bienvenidos a todos. Solo me aseguraré de que todo esto esté funcionando. Solo toma un minuto. Así que vine un poco temprano solo para asegurarme de lavarme las manos y prepararme para ir. Así que estoy terminando de configurar. Creo que estamos bien. Voy a cometer errores. Puedo sentirlo. Es uno de esos días. Así que solo esperaré a que la gente se ponga y luego comenzaremos.
[End of Translation]

Your answer should be a number like 0 or 1 or 2 or ... or 100, depending on your judgement.","<think>
Okay, let's start by reading both the source text and the translation carefully. The source is a speaker welcoming everyone, checking if everything is working, and then proceeding to start an activity. The translation seems to capture the main points.

First, I'll check for accuracy in meaning. The original says ""Welcome. Welcome, everyone."" The translation uses ""Bienvenido. Bienvenidos a todos."" That's correct. ""I'm just going to make sure that all of this is working."" The translation says ""Solo me aseguraré de que todo esto esté funcionando."" That's accurate.

Next, ""It just takes a minute."" The translation has ""Solo toma un minuto."" That's good. ""So I came on a bit early just to make sure, just washed my hands and getting ready to go."" The translation is ""Así que vine un poco temprano solo para asegurarme de lavarme las manos y prepararme para ir."" The phrase ""para asegurarme de lavarme las manos"" is a bit literal but correct. However, ""prepararme para ir"" might be better as ""prepararme para salir"" (get ready to leave), but it's understandable.

Then, ""So I'm just finishing setting up."" The translation says ""Así que estoy terminando de configurar."" ""Configurar"" is the right word for ""setting up."" ""I think we're good."" The translation is ""Creo que estamos bien."" That's correct.

""I'm going to make mistakes so I can feel it."" The translation is ""Voy a cometer errores. Puedo sentirlo."" That's accurate. ""It's one of those days."" The translation uses ""Es uno de esos días."" Correct. ""So I'll just wait until people get on and then we'll get started."" The translation is ""Así que solo esperaré a que la gente se ponga y luego comenzaremos."" ""Se ponga"" is the correct conjugation for ""get on"" in this context. ""Comenzaremos"" is correct for ""get started.""

Now, checking grammar and structure. The Spanish translation seems to follow proper grammar. The use of ""se ponga"" is correct in the conditional tense. The sentence structure is clear and natural. The only possible minor issue is ""prepararme para ir"" which could be slightly more natural as ""prepararme para salir,"" but that's a minor point.

Overall, the translation accurately conveys the meaning, maintains the tone, and uses correct grammar. There are no significant errors. The score should be high, maybe around 95 or 90. But since there's a slight possible improvement in one part, maybe 90. However, considering that the translation is very accurate and natural, I'd say 95.
</think>

<answer>
95
</answer>",en-es
"Score the following translation from English to Spanish on a continuous scale from 0 to 100,
where a score of zero (0) means ""no meaning preserved"" and score of one hundred (100) means ""perfect meaning and grammar"".

[Start of Source Text]
Still offline.
[End of Source Text]

[Start of Translation]
Todavía sin conexión.
[End of Translation]

Your answer should be a number like 0 or 1 or 2 or ... or 100, depending on your judgement.","<think>
Okay, let's see. The user wants me to score the translation from English to Spanish. The source text is ""Still offline."" and the translation is ""Todavía sin conexión.""

First, I need to check if the translation accurately conveys the original meaning. ""Still offline"" means that something is not connected or not available, perhaps a device or service. The Spanish translation ""Todavía sin conexión"" translates to ""Still without connection."" That seems correct. ""Todavía"" means ""still,"" and ""sin conexión"" is ""without connection."" 

Now, checking grammar. The structure in Spanish is correct. The phrase is a simple sentence with the right adverb and prepositional phrase. There are no grammatical errors here. 

Are there any nuances or context that might affect the score? The original is a short statement, likely used in a technical context, like a device being offline. The translation maintains that context. ""Sin conexión"" is a common way to say ""without connection"" in Spanish, so it's appropriate.

Is there any possible improvement? Maybe ""sin conexión"" could be ""sin conexión a internet"" for more specificity, but the original doesn't specify internet, just ""offline."" So the translation is accurate enough. 

Considering the score scale, a perfect score is 100. This translation is correct in meaning and grammar. There's no missing information or added information. So I think it's a 100.
</think>

<answer>
100
</answer>",en-es
"Score the following translation from English to Spanish on a continuous scale from 0 to 100,
where a score of zero (0) means ""no meaning preserved"" and score of one hundred (100) means ""perfect meaning and grammar"".

[Start of Source Text]
“Which notebook is that?” Ivory asked, sitting down next to Kari on her bed.
[End of Source Text]

[Start of Translation]
«¿Qué cuaderno es ese?» preguntó Ivory, sentada junto a Kari en su cama.
[End of Translation]

Your answer should be a number like 0 or 1 or 2 or ... or 100, depending on your judgement.","<think>
Okay, let's evaluate this translation. First, I need to check if the meaning is preserved. The original sentence is a question: ""Which notebook is that?"" followed by Ivory asking it while sitting next to Kari on her bed.

The translation starts with «¿Qué cuaderno es ese?» which is the direct translation of the question. ""Cuaderno"" is the Spanish word for notebook, and ""ese"" means that. The structure of the question is correct in Spanish. 

Next, the verb ""asked"" is translated as ""preguntó"", which is correct. The second part of the sentence: ""sitting down next to Kari on her bed."" The translation uses ""sentada junto a Kari en su cama."" ""Sentada"" is the correct past participle for ""sentar"", meaning sitting. ""Junto a"" is the right preposition for ""next to"". ""En su cama"" translates to ""on her bed"". 

I should check if the grammar is correct. The conjugation of ""preguntó"" is correct for the third person singular. The placement of the past participle ""sentada"" agrees with the subject ""Ivory"", which is feminine, so ""sentada"" is correct. The prepositions and articles are properly used. 

Are there any issues with the translation? The only thing that might be a minor point is the use of ""cuaderno"" instead of ""libro"" (book), but since the source says ""notebook"", ""cuaderno"" is the right choice. The sentence structure in Spanish is correct. 

So the translation accurately conveys the original meaning and maintains proper grammar. There are no errors that would affect the meaning or correctness. Therefore, the score should be high. I would rate this a 100 because it's perfect in both meaning and grammar.
</think>

<answer>
100
</answer>",en-es
"Score the following translation from English to Spanish on a continuous scale from 0 to 100,
where a score of zero (0) means ""no meaning preserved"" and score of one hundred (100) means ""perfect meaning and grammar"".

[Start of Source Text]
Expressing a comparable sentiment on her Twitter account, Political Analyst and Development & Management Consultant, Barrister Iyabo Awokoya, conveyed sympathy for the suspended minister. She believed that the minister might have made an innocent mistake driven by a zealous determination to accomplish her job.
[End of Source Text]

[Start of Translation]
🇬| En Twitter, la Analista Política y Consultora en Desarrollo e Administración, la Abogada Iyabo Awokoya, expresó su simpatía por la ministra suspendida. Ella creía que la ministra podría haber cometido un error inocente impulsada por una ferviente determinación de hacer su trabajo.
[End of Translation]

Your answer should be a number like 0 or 1 or 2 or ... or 100, depending on your judgement.","<think>
Okay, let's evaluate this translation. First, I need to compare the source text and the translation to see how well the meaning and grammar are preserved.

The source text mentions ""Political Analyst and Development & Management Consultant, Barrister Iyabo Awokoya."" The translation has ""Analista Política y Consultora en Desarrollo e Administración, la Abogada Iyabo Awokoya."" That seems accurate. ""Barrister"" is translated as ""Abogada,"" which is correct. The title is properly translated, so that's good.

Next, ""Expressing a comparable sentiment on her Twitter account"" becomes ""En Twitter, la Analista Política..."" which captures the idea of expressing sentiment on Twitter. The structure is correct here.

The translation then says ""conveyed sympathy for the suspended minister."" The source says ""conveyed sympathy for the suspended minister."" The translation uses ""simpatía por la ministra suspendida,"" which is accurate. ""Suspended minister"" is ""ministra suspendida,"" which is correct in Spanish.

The next part: ""She believed that the minister might have made an innocent mistake driven by a zealous determination to accomplish her job."" The translation is ""Ella creía que la ministra podría haber cometido un error inocente impulsada por una ferviente determinación de hacer su trabajo."" 

Wait, ""impulsada por"" is a bit off. The original says ""driven by,"" which is ""impulsada por"" in Spanish. But ""impulsada"" is a passive form, which might not be the best here. Maybe ""impulsada"" is okay, but ""motivada por"" could be more natural. However, ""impulsada"" is still understandable.

Also, ""zealous determination"" is ""determinación ferviente,"" which is correct. ""Accomplish her job"" is ""hacer su trabajo,"" which is accurate.

But there's a slight issue with the structure. The original says ""driven by a zealous determination,"" which is an adjective phrase. In Spanish, ""impulsada por una determinación ferviente"" is correct. However, the word order might be slightly different. Also, ""impulsada"" is a passive form, which might not be the most common way to express that. Maybe ""motivada por una determinación ferviente"" would be better. But the translation is still understandable.

Another point: ""could have made an innocent mistake"" is ""podría haber cometido un error inocente,"" which is correct. The tense and form are right.

Overall, the translation is accurate in meaning and grammar. The only minor issue is the use of ""impulsada"" which is a bit less common, but it's not a major flaw. The rest of the translation is clear and correct. So I would give a high score, maybe 90 or 95. But since there's a small grammatical nuance that could be improved, perhaps 90.
</think>

<answer>
90
</answer>",en-es
"Score the following translation from English to Spanish on a continuous scale from 0 to 100,
where a score of zero (0) means ""no meaning preserved"" and score of one hundred (100) means ""perfect meaning and grammar"".

[Start of Source Text]
I better get some motorbikes fixed, or else!
[End of Source Text]

[Start of Translation]
¡Más me vale arreglar algunas motos, o si no...!
[End of Translation]

Your answer should be a number like 0 or 1 or 2 or ... or 100, depending on your judgement.","<think>
Okay, let's evaluate this translation. The source text is ""I better get some motorbikes fixed, or else!"" and the translation is ""¡Más me vale arreglar algunas motos, o si no...!"" 

First, I need to check if the meaning is preserved. The original sentence is a bit informal, using ""I better"" which implies a sense of urgency or determination. The Spanish translation uses ""Más me vale,"" which is a common expression in Spanish that conveys the same idea of ""I better"" or ""I'd better."" So the meaning seems to be there.

Next, the verb ""get some motorbikes fixed"" is translated as ""arreglar algunas motos."" ""Motorbikes"" is ""motos"" in Spanish, which is correct. ""Fixed"" here is ""arreglar,"" which means to fix or repair. That's accurate. 

The phrase ""or else!"" is translated as ""o si no..."" which is a common way to say ""or else"" in Spanish. The ellipsis at the end might be a bit informal, but it's acceptable in spoken Spanish. 

Now, checking grammar. The structure ""¡Más me vale arreglar algunas motos, o si no..."" is grammatically correct. The use of ""o si no"" is correct here, even though it's a bit colloquial. The exclamation mark is properly placed at the beginning. 

The only possible point of contention is the use of ""motos"" for ""motorbikes."" While ""motos"" is the general term for motorcycles, ""motorbikes"" specifically refers to motorcycles with engines. However, in Spanish, ""moto"" is often used interchangeably with ""motorbike,"" so it's acceptable here. 

The translation captures the urgency and the conditional aspect of the original sentence. The informal tone is maintained, which is important for the original message. 

I don't see any errors in the translation. The meaning is clear, the grammar is correct, and the tone matches the original. So I would give this a high score. Maybe 95 or 100. But since the original uses ""motorbikes"" which is slightly more specific, but ""motos"" is a common enough term, maybe 95. However, considering that the translation is very accurate in both meaning and grammar, I think 100 is appropriate.
</think>

<answer>
100
</answer>",en-es
"Score the following translation from English to Spanish on a continuous scale from 0 to 100,
where a score of zero (0) means ""no meaning preserved"" and score of one hundred (100) means ""perfect meaning and grammar"".

[Start of Source Text]
If the weather behaves, I'll be flying again on Saturday.
[End of Source Text]

[Start of Translation]
Si el tiempo lo permite, volveré a volar el sábado.
[End of Translation]

Your answer should be a number like 0 or 1 or 2 or ... or 100, depending on your judgement.","<think>
Okay, let's evaluate this translation. The source text is ""If the weather behaves, I'll be flying again on Saturday."" The translation given is ""Si el tiempo lo permite, volveré a volar el sábado.""

First, I need to check if the meaning is preserved. The original sentence is a conditional statement based on the weather. The Spanish translation starts with ""Si el tiempo lo permite,"" which translates to ""If the weather allows it"" or ""If the time permits."" The original says ""if the weather behaves,"" which is a bit more colloquial, but ""tiempo"" does mean weather, so that's accurate.

Next, the main clause: ""I'll be flying again on Saturday."" The translation uses ""volveré a volar el sábado."" ""Volveré a volar"" is ""I will fly again,"" and ""el sábado"" is ""on Saturday."" That seems correct. However, in Spanish, ""volar"" can mean ""to fly"" as in an airplane, but in some contexts, it might be used more literally. But in this case, it's clear.

Now, checking grammar. The structure ""Si el tiempo lo permite, volveré..."" is correct. The conditional ""si"" is followed by the subjunctive ""permite,"" which is right because in Spanish, after ""si"" in a conditional sentence, the subjunctive is used. The verb ""volveré"" is the future tense, which matches the original's ""I'll be flying.""

Is there any nuance lost? The original uses ""behaves"" which is a bit more informal, but ""permite"" captures the idea that the weather is conducive. The translation is straightforward and maintains the conditional structure. The time reference is correct.

I don't see any grammatical errors. The translation is accurate and preserves the meaning. So I would give it a high score. Maybe 95 or 100. Wait, is there any possible issue? Let me check again. ""Volveré a volar"" is ""I will fly again,"" which is correct. The original says ""flying again,"" which could be ""volar de nuevo"" but ""volver a volar"" is also correct. So the translation is good. I think it's a perfect translation. So 100.
</think>

<answer>
100
</answer>",en-es
"Score the following translation from English to Spanish on a continuous scale from 0 to 100,
where a score of zero (0) means ""no meaning preserved"" and score of one hundred (100) means ""perfect meaning and grammar"".

[Start of Source Text]
This is the state of my upstairs bathroom right now.
[End of Source Text]

[Start of Translation]
Este es el estado de mi baño de arriba en este momento.
[End of Translation]

Your answer should be a number like 0 or 1 or 2 or ... or 100, depending on your judgement.","<think>
Okay, let's evaluate this translation. The source text is ""This is the state of my upstairs bathroom right now."" The translation provided is ""Este es el estado de mi baño de arriba en este momento.""

First, I need to check if the meaning is preserved. The original sentence is about the current state of the upstairs bathroom. The translation uses ""baño de arriba,"" which directly translates to ""upstairs bathroom."" The word ""estado"" is correctly used here as ""state."" The phrase ""en este momento"" translates to ""right now,"" which matches the original.

Now, checking grammar. The structure in Spanish is correct. ""Este es el estado de..."" is the right way to say ""This is the state of..."" The placement of ""de arriba"" (upstairs) after ""baño"" is correct in Spanish. The use of ""en este momento"" is appropriate for ""right now.""

Are there any issues? Maybe ""baño de arriba"" could be more natural as ""baño de arriba"" is correct, but sometimes in Spanish, ""baño superior"" might be used, but ""de arriba"" is also acceptable. However, the translation is still clear and accurate.

I don't see any grammatical errors or meaning loss. The translation accurately conveys the original message. So, the score should be high. Maybe 95 or 100? But let me think again. The original says ""upstairs bathroom,"" which is ""baño de arriba"" in Spanish. That's correct. The sentence structure is correct. So, it's a perfect translation. Therefore, 100.
</think>

<answer>
100
</answer>",en-es
"Score the following translation from English to Spanish on a continuous scale from 0 to 100,
where a score of zero (0) means ""no meaning preserved"" and score of one hundred (100) means ""perfect meaning and grammar"".

[Start of Source Text]
Sunday Cont:
[End of Source Text]

[Start of Translation]
Domingo Cont:
[End of Translation]

Your answer should be a number like 0 or 1 or 2 or ... or 100, depending on your judgement.","<think>
Okay, let's see. The user wants me to score the translation from English to Spanish. The source text is ""Sunday Cont:"" and the translation is ""Domingo Cont:"". 

First, I need to check if the translation accurately conveys the meaning. ""Sunday"" in Spanish is ""Domingo"", so that part is correct. The ""Cont:"" is likely an abbreviation, maybe ""Content"" or ""Continued"". In Spanish, ""Cont."" is a common abbreviation for ""continuado"" or ""contenido"". So ""Cont:"" in both languages seems to be the same abbreviation. 

Now, considering the context, if ""Cont:"" is part of a heading or a label, like in a newspaper or a list, then the translation is accurate. The words ""Domingo"" and ""Cont:"" are both correctly translated. There's no grammatical error here. The structure is the same as the original. 

But wait, is there any nuance I'm missing? Maybe ""Cont:"" could be ""Continued"" in some contexts, but in Spanish, ""Cont."" is commonly used as an abbreviation. The original English ""Cont:"" might be part of a title or a section header. Since both the word and the abbreviation are correctly translated, the meaning is preserved. 

I don't see any issues with the translation. The grammar is correct, and the meaning is clear. So I should give a high score. Maybe 95 or 100? But maybe there's a slight issue with the abbreviation. However, since both the source and target use the same abbreviation, it's acceptable. Therefore, the translation is perfect in terms of meaning and grammar. So the score should be 100.
</think>

<answer>
100
</answer>",en-es
"Score the following translation from English to Spanish on a continuous scale from 0 to 100,
where a score of zero (0) means ""no meaning preserved"" and score of one hundred (100) means ""perfect meaning and grammar"".

[Start of Source Text]
No theyre not for sale, I normally hand them out when at events etc.
[End of Source Text]

[Start of Translation]
No, no están a la venta, normalmente los reparto en eventos, etc.
[End of Translation]

Your answer should be a number like 0 or 1 or 2 or ... or 100, depending on your judgement.","<think>
Okay, let's evaluate this translation. The source text is ""No theyre not for sale, I normally hand them out when at events etc."" The translation given is ""No, no están a la venta, normalmente los reparto en eventos, etc.""

First, I need to check if the meaning is preserved. The original says ""they're not for sale,"" which the translation correctly conveys as ""no están a la venta."" The second part is ""I normally hand them out when at events etc."" The translation uses ""normalmente los reparto en eventos, etc."" which translates to ""I normally distribute them at events, etc."" The verb ""reparto"" means ""distribute"" or ""give out,"" which matches ""hand them out."" 

Now, checking grammar. The structure in Spanish seems correct. The use of ""no, no están"" is correct for ""No, they're not."" The placement of ""etc."" at the end is appropriate. The verb ""reparto"" is in the correct form for the subject ""yo"" (I). The preposition ""en"" with ""eventos"" is correct. 

Are there any issues? The original has ""when at events,"" which the translation simplifies to ""en eventos."" That's a bit more concise but still accurate. The use of ""etc."" is the same in both. 

Is there any missing information or added meaning? The original says ""when at events,"" which the translation captures as ""en eventos."" The translation is concise and accurate. 

I don't see any errors in grammar or meaning. The translation effectively conveys the original message. So, I would score this a high 90 or 100. But wait, maybe ""reparto"" is slightly different from ""hand them out."" However, in context, it's clear. The translation is correct. So, 100?
</think>

<answer>
100
</answer>",en-es
"Score the following translation from English to Spanish on a continuous scale from 0 to 100,
where a score of zero (0) means ""no meaning preserved"" and score of one hundred (100) means ""perfect meaning and grammar"".

[Start of Source Text]
“With all respect sir, why do you have to wake us up like that?” One of the Shock Troopers, a corporal, asked.
[End of Source Text]

[Start of Translation]
“¿Con alme sí, como cuienes with tributlonock como epi?” Miso de los Mediterraneos Bajares, re terimacheta, proglobo.
[End of Translation]

Your answer should be a number like 0 or 1 or 2 or ... or 100, depending on your judgement.","<think>
Okay, let's tackle this translation evaluation. The user wants me to score the Spanish translation on a scale from 0 to 100 based on meaning and grammar. 

First, I need to look at the source text. The original English is a question from a Shock Trooper addressing a sir, asking why they have to wake them up abruptly. The key points here are the formality (""With all respect sir""), the question about waking up ""like that,"" and the speaker's rank (""one of the Shock Troopers, a corporal"").

Now, looking at the provided translation: ""¿Con alme sí, como cuienes with tributlonock como epi?"" followed by ""Miso de los Mediterraneos Bajares, re terimacheta, proglobo."" 

Hmm, the first part seems completely garbled. Words like ""alme"" (which might be a misspelling of ""almudo"" or ""alma""), ""cuienes"" (possibly ""cuines"" or ""cuines"" but not making sense), ""tributlonock"" (sounds like ""tributación"" but misspelled), and ""epi"" (maybe ""epis"" or ""epi"" as in ""episodio""?). The second part has ""Miso de los Mediterraneos Bajares"" which doesn't make sense. ""Re terimacheta"" and ""proglobo"" are also nonsensical. 

The original Spanish should have clear, correct grammar and proper vocabulary. The translation here is full of misspelled words and incorrect terms. There's no attempt to convey the meaning of the original text. The structure is completely off, and the words don't form any coherent sentences. 

Since the translation doesn't preserve any meaning or grammar, the score would be very low. Even if there were some accidental correct words, the overall message is lost. The user mentioned that a score of 0 is ""no meaning preserved,"" so this seems to fit. The translation is just random words with no relation to the source text. Therefore, the score should be 0.
</think>

<answer>
0
</answer>",en-es
"Score the following translation from English to Spanish on a continuous scale from 0 to 100,
where a score of zero (0) means ""no meaning preserved"" and score of one hundred (100) means ""perfect meaning and grammar"".

[Start of Source Text]
Happy Sunday,
[End of Source Text]

[Start of Translation]
Feliz domingo,
[End of Translation]

Your answer should be a number like 0 or 1 or 2 or ... or 100, depending on your judgement.","<think>
Okay, let's see. The user wants me to score the translation from English to Spanish. The source text is ""Happy Sunday,"" and the translation is ""Feliz domingo,"". 

First, I need to check if the translation accurately conveys the meaning. ""Happy Sunday"" is a common greeting, often used to wish someone a pleasant Sunday. In Spanish, ""Feliz domingo"" directly translates to ""Happy Sunday."" But wait, in Spanish, ""domingo"" is the day of the week, so ""Feliz domingo"" is correct. However, sometimes in Spanish, you might see ""¡Que tengas un feliz domingo!"" which is more of a full sentence. But the original is just ""Happy Sunday,"" so the translation is concise and correct.

Now, checking grammar. ""Feliz"" is the correct adjective form for ""happy"" in Spanish. The noun ""domingo"" is correctly used. The translation is a direct and accurate rendering of the source text. There's no missing information or added words. The structure is correct. 

Is there any possible issue? Maybe the use of ""Feliz"" as an adjective before the noun. In Spanish, adjectives usually come after the noun, but in this case, it's an exclamation, so it's acceptable. For example, ""¡Feliz domingo!"" is a common way to say ""Happy Sunday."" So the translation is grammatically correct and preserves the meaning perfectly. 

Therefore, the score should be high. Since there's no error in meaning or grammar, it's a perfect translation. So the score is 100.
</think>

<answer>
100
</answer>",en-es
"Score the following translation from English to Spanish on a continuous scale from 0 to 100,
where a score of zero (0) means ""no meaning preserved"" and score of one hundred (100) means ""perfect meaning and grammar"".

[Start of Source Text]
While the Louisiana Republican can avoid confronting the issue for now, on January 19 the country will face its deadline to pass four of 12 annual spending bills. Johnson has publicly stated that he would not support a ""continuing resolution"" (CR) to extend the deadline on these four bills to the February 2 due date for the remaining eight.
[End of Source Text]

[Start of Translation]
Si bien el republicano de Luisiana puede evitar enfrentar el tema por ahora, el 19 de enero el país enfrentará su fecha límite para aprobar cuatro de los 12 proyectos de ley de gastos anuales. Johnson ha declarado públicamente que no apoyaría una ""resolución continua"" (CR, por sus siglas en inglés) para extender la fecha límite de estos cuatro proyectos de ley hasta la fecha de vencimiento del 2 de febrero para los ocho restantes.
[End of Translation]

Your answer should be a number like 0 or 1 or 2 or ... or 100, depending on your judgement.","<think>
Okay, let's evaluate this translation. First, I need to check if the meaning is preserved accurately. The original text talks about the Louisiana Republican avoiding confrontation, the deadline on January 19 for passing four spending bills out of twelve, and Johnson's stance against a continuing resolution (CR) to extend the deadline.

Looking at the Spanish translation: ""Si bien el republicano de Luisiana puede evitar enfrentar el tema por ahora..."" That seems correct. ""Enfrentar el tema"" matches ""confront the issue."" 

Next, ""el 19 de enero el país enfrentará su fecha límite para aprobar cuatro de los 12 proyectos de ley de gastos anuales."" The structure here is good. ""Fecha límite"" is ""deadline,"" and ""proyectos de ley de gastos anuales"" translates to ""annual spending bills."" The numbers are correctly placed.

Then, ""Johnson ha declarado públicamente que no apoyaría una 'resolución continua' (CR, por sus siglas en inglés) para extender la fecha límite de estos cuatro proyectos de ley hasta la fecha de vencimiento del 2 de febrero para los ocho restantes."" 

Here, ""resolución continua"" is the correct term for ""continuing resolution (CR)."" The explanation in parentheses is accurate. The phrase ""extender la fecha límite de estos cuatro proyectos de ley hasta la fecha de vencimiento del 2 de febrero para los ocho restantes"" correctly conveys that the extension is for the remaining eight bills. 

I notice that ""proyectos de ley de gastos anuales"" is a bit more formal than ""annual spending bills,"" but it's still accurate. The use of ""fecha límite"" is appropriate for ""deadline."" The structure of the sentences is clear and maintains the original meaning. 

One possible point of improvement could be the use of ""proyectos de ley"" instead of ""proyectos de ley de gastos anuales,"" but that's a minor nuance. The translation is mostly precise, with correct grammar and terminology. There's no obvious error in the translation, so I'd say it's a high score. Maybe 90 or 95? Let me check again. The terms are all correct, the numbers are right, and the meaning is preserved. I think it's a 95. But maybe 90 if there's a slight nuance. Wait, the original says ""four of 12 annual spending bills,"" and the translation says ""cuatro de los 12 proyectos de ley de gastos anuales."" That's accurate. The CR is correctly translated. The part about extending the deadline for the remaining eight is clear. I think the translation is very accurate. So a 95 might be too high. Maybe 90 is better. Alternatively, 95 is acceptable. I'll go with 95.
</think>

<answer>
95
</answer>",en-es
"Score the following translation from English to Spanish on a continuous scale from 0 to 100,
where a score of zero (0) means ""no meaning preserved"" and score of one hundred (100) means ""perfect meaning and grammar"".

[Start of Source Text]
Kayel snickered, as he could imagine what Thassalin was thinking about. ""Yeah, fair. But what did you pick up, and why did you fly off so quickly?""
[End of Source Text]

[Start of Translation]
Kayel soltó una risita, ya que podía imaginar en qué estaba pensando Thassalin. ""Sí, justo. Pero, ¿qué recogiste y por qué saliste volando tan rápido?
[End of Translation]

Your answer should be a number like 0 or 1 or 2 or ... or 100, depending on your judgement.","<think>
Okay, let's start by looking at the source text and the translation. The source is a dialogue between Kayel and Thassalin. The key points to check are the meaning, grammar, and whether the nuances are preserved.

First, ""snickered"" is translated as ""soltó una risita"". That seems correct. ""Snickered"" is a laugh, so ""risita"" is a good fit. Next, ""as he could imagine what Thassalin was thinking about"" becomes ""ya que podía imaginar en qué estaba pensando Thassalin"". The structure here is a bit different. In Spanish, ""en qué estaba pensando"" is correct, but the phrase ""ya que"" is used for ""as"", which is appropriate. However, in the original, it's ""as he could imagine"", so the translation captures that.

Then the dialogue: ""Yeah, fair. But what did you pick up, and why did you fly off so quickly?"" The translation is ""Sí, justo. Pero, ¿qué recogiste y por qué saliste volando tan rápido?"" 

""Fair"" is translated as ""justo"", which is a good choice. ""Pick up"" here is likely ""recogiste"", which is correct. ""Fly off so quickly"" is ""saliste volando tan rápido"". The verb ""volando"" is correct, but ""saliste volando"" might be a bit more literal. However, in Spanish, ""salir volando"" is a common expression for taking off quickly. 

Checking for grammar: The sentence structure in Spanish is correct. The use of ""¿qué recogiste"" is correct for ""what did you pick up"". The conjunction ""pero"" is properly placed. The punctuation with commas and the question marks is also correct.

Are there any issues? The word ""justo"" for ""fair"" is a bit more literal than ""justo"" in Spanish, but it's understandable. The phrase ""saliste volando"" is a bit more intense than ""flying off quickly"", but it's close enough. 

Overall, the translation preserves the meaning and grammar. The only possible minor issue is the slight intensity of ""volando"", but that's a minor point. So I'd say the score is high, maybe around 95. But since the user might consider some nuances, maybe 90? Wait, but the translation is accurate. Let me check again. The dialogue is correctly rendered, the verbs are correct, and the meaning is clear. I think 95 is appropriate. But maybe 90 if there's a slight nuance. Alternatively, 95 is better because the translation is very accurate.
</think>

<answer>
95
</answer>",en-es
"Score the following translation from English to Spanish on a continuous scale from 0 to 100,
where a score of zero (0) means ""no meaning preserved"" and score of one hundred (100) means ""perfect meaning and grammar"".

[Start of Source Text]
It's a year of transition for me.
[End of Source Text]

[Start of Translation]
Es un año de transición para mí.
[End of Translation]

Your answer should be a number like 0 or 1 or 2 or ... or 100, depending on your judgement.","<think>
Okay, let's evaluate this translation. The source text is ""It's a year of transition for me."" The translation provided is ""Es un año de transición para mí.""

First, I need to check if the meaning is preserved. The original sentence is straightforward. ""It's a year of transition"" translates to ""Es un año de transición,"" which is correct. The phrase ""for me"" is ""para mí,"" which is also accurate. 

Now, checking grammar. The structure in Spanish is correct. The verb ""ser"" (to be) is used appropriately with ""un año."" The preposition ""de"" is correctly used before ""transición."" The pronoun ""mí"" is in the correct form. 

Are there any possible issues? Maybe the use of ""transición"" instead of ""transición"" – but that's the same word. The sentence is very direct and matches the original in both meaning and structure. There's no ambiguity or cultural nuance that's missed here. 

Since the translation is accurate and grammatically correct, I would give it a high score. It's almost perfect. Maybe 95 or 100? But wait, is there any possible mistake? Let me think again. The original uses ""It's"" which is ""Es"" in Spanish. The rest is correct. I don't see any errors. So, the score should be 100.
</think>

<answer>
100
</answer>",en-es
"Score the following translation from English to Spanish on a continuous scale from 0 to 100,
where a score of zero (0) means ""no meaning preserved"" and score of one hundred (100) means ""perfect meaning and grammar"".

[Start of Source Text]
""You alright?"" Nyssi couldn't help but ask.
[End of Source Text]

[Start of Translation]
""¿Estás bien?"" Nyssi no pudo evitar preguntar.
[End of Translation]

Your answer should be a number like 0 or 1 or 2 or ... or 100, depending on your judgement.","<think>
Okay, let's see. I need to score this Spanish translation from the English text. The source is ""You alright?"" Nyssi couldn't help but ask. The translation is ""¿Estás bien?"" Nyssi no pudo evitar preguntar.

First, I'll check the meaning. ""You alright?"" is a casual way of asking if someone is okay. In Spanish, ""¿Estás bien?"" directly translates to ""Are you okay?"" which matches the original. The second part, ""Nyssi couldn't help but ask"" is translated as ""Nyssi no pudo evitar preguntar."" That seems correct. ""No pudo evitar"" is ""couldn't help,"" and ""preguntar"" is ""ask."" The structure is right.

Now, grammar. The Spanish sentence structure is correct. The question mark is properly placed. The verb tenses and conjugations are accurate. ""No pudo evitar"" is the correct form for ""couldn't help."" The subject ""Nyssi"" is correctly placed. 

Are there any issues? Maybe the word order in the second sentence? Let me think. ""Nyssi no pudo evitar preguntar."" That's correct. The infinitive ""preguntar"" follows the verb ""evitar,"" which is correct in Spanish. 

Is the translation natural? Yes, it sounds like a natural Spanish sentence. The use of ""¿Estás bien?"" is common in everyday speech. The second part is also natural. 

I don't see any errors. The translation preserves the meaning and grammar perfectly. So the score should be high. Maybe 100? But wait, sometimes there might be nuances. Let me check again. The original uses ""couldn't help but ask,"" which is a bit more formal than ""no pudo evitar preguntar."" But in Spanish, ""no pudo evitar preguntar"" is a direct and accurate translation. So I think it's perfect. Therefore, the score is 100.
</think>

<answer>
100
</answer>",en-es
"Score the following translation from English to Spanish on a continuous scale from 0 to 100,
where a score of zero (0) means ""no meaning preserved"" and score of one hundred (100) means ""perfect meaning and grammar"".

[Start of Source Text]
What I want to achieve is have the linked section (#section7) render as fast as possible without having to re-implement stuff with JavaScript. I just want to have a super long HTML document but still have linked sections render as fast as possible. It should just work with HTML.
[End of Source Text]

[Start of Translation]
Lo que quiero lograr es que la sección vinculada (#section7) se renderice lo más rápido posible sin tener que volver a implementar cosas con JavaScript. Solo quiero tener un documento HTML súper largo, pero que las secciones vinculadas se rendericen lo más rápido posible. Solo debería funcionar con HTML.
[End of Translation]

Your answer should be a number like 0 or 1 or 2 or ... or 100, depending on your judgement.","<think>
Okay, let's evaluate this translation. First, I need to check if the meaning is preserved. The source text is about achieving fast rendering of a linked section without JavaScript, using a super long HTML document. The translation seems to capture that. Words like ""renderice lo más rápido posible"" are correct. 

Next, grammar. The translation uses ""se renderice"" which is correct for the subjunctive mood. The structure ""sin tener que volver a implementar cosas con JavaScript"" matches the original. The sentence structure is clear. 

Are there any errors? The word ""vinculada"" is correctly used for ""linked"". The phrase ""súper largo"" is okay, though ""super"" is sometimes translated as ""muy"" but ""súper"" is acceptable in informal contexts. The last sentence ""Solo debería funcionar con HTML"" is accurate. 

Is the translation natural in Spanish? It reads smoothly. The use of ""solo quiero tener"" and ""solo debería"" is appropriate. 

Possible improvements? Maybe ""súper largo"" could be ""muy largo"" for formality, but the current version is acceptable. The translation is accurate and grammatically correct. 

So, the translation preserves the meaning and is grammatically correct. It's very close to perfect. I'd give it a high score, maybe 95 or 100. But wait, is there any minor issue? The original says ""without having to re-implement stuff with JavaScript"". The translation uses ""volver a implementar cosas"", which is correct. ""Stuff"" is translated as ""cosas"", which is okay. 

I think the translation is excellent. It's almost perfect. Maybe 98 or 99? But since the user might consider minor stylistic choices, perhaps 95. Wait, but the original uses ""super long HTML document"" which is ""documento HTML súper largo"". That's correct. 

I think the translation is very good. The score should be high. Maybe 95. But some might argue that ""súper"" is more colloquial. However, in the context of technical writing, ""muy"" might be better. But the translation uses ""súper"" which is acceptable. 

So, I'll go with 95. But maybe 98? Wait, the user might expect a perfect score if it's accurate. Let me check again. The translation accurately conveys the original meaning, uses correct grammar, and is natural. So, 98 or 100? Maybe 98 because of the ""súper"" but that's a minor point. Alternatively, maybe 100. Since the user might not care about that. I think 100 is appropriate here.
</think>

<answer>
98
</answer>",en-es
"Score the following translation from English to Spanish on a continuous scale from 0 to 100,
where a score of zero (0) means ""no meaning preserved"" and score of one hundred (100) means ""perfect meaning and grammar"".

[Start of Source Text]
@user4 @user3 You can do it! And I would be happy to share my insights with you.
[End of Source Text]

[Start of Translation]
@user4 @user3 ¡Pueden hacerlo! Y estaría encantado de compartir mis conocimientos con ustedes.
[End of Translation]

Your answer should be a number like 0 or 1 or 2 or ... or 100, depending on your judgement.","<think>
Okay, let's evaluate this translation. First, I need to check if the meaning is preserved. The original text is a motivational message: ""You can do it! And I would be happy to share my insights with you."" The translation starts with the same usernames, which is good. 

The first part, ""You can do it!"" is translated as ""¡Pueden hacerlo!"" which is correct. ""Pueden"" is the second person plural of ""poder,"" so ""you can"" in the plural, which matches the original. 

The second sentence: ""And I would be happy to share my insights with you."" The translation is ""Y estaría encantado de compartir mis conocimientos con ustedes."" Let's break it down. ""Y"" is the correct conjunction. ""Estaría encantado"" is the correct conditional form of ""estar encantado,"" which means ""would be happy."" 

""Compartir mis conocimientos"" translates to ""share my knowledge,"" which is close to ""insights,"" but ""conocimientos"" is more like ""knowledge"" or ""understandings,"" so it's a bit different. However, in context, it's acceptable. 

""Con ustedes"" is the correct plural form for ""with you,"" so that's accurate. 

Now, checking grammar. The translation uses proper Spanish structure. The conditional ""estaría"" is correctly used here. The use of ""con ustedes"" is appropriate for formal contexts. 

Are there any issues? The original uses ""insights,"" which is more specific than ""conocimientos."" But in Spanish, ""conocimientos"" can be understood as insights or knowledge. The translation is accurate enough. 

The usernames are kept the same, which is important for context. 

So overall, the translation preserves the meaning and grammar well. The only minor point is the slight difference in ""insights"" vs. ""knowledge,"" but that's not a major issue. Therefore, the score should be high, maybe 90 or 95. But since ""conocimientos"" is a bit different, maybe 90. Wait, but in many contexts, ""conocimientos"" can be used for insights. So perhaps 95? Or maybe 90. Let me think again. The original is ""insights,"" which is more like ""perspective"" or ""thoughts."" ""Conocimientos"" is more like ""knowledge."" However, in the context of sharing something with someone, ""conocimientos"" is acceptable. So the translation is accurate. Therefore, a high score. Maybe 95. But I'm not sure if the slight difference is a problem. Alternatively, maybe 90. Hmm. Let me check if there's any other error. No, the grammar is correct. So I think 95 is reasonable.
</think>

<answer>
95
</answer>",en-es
"Score the following translation from English to Spanish on a continuous scale from 0 to 100,
where a score of zero (0) means ""no meaning preserved"" and score of one hundred (100) means ""perfect meaning and grammar"".

[Start of Source Text]
""Climb on.""
[End of Source Text]

[Start of Translation]
""Súbete"".
[End of Translation]

Your answer should be a number like 0 or 1 or 2 or ... or 100, depending on your judgement.","<think>
Okay, let's evaluate this translation. The source text is ""Climb on."" which is a short imperative sentence. The translation given is ""Súbete"".

First, I need to check if the translation accurately conveys the meaning. ""Climb on"" is a command, often used in contexts like climbing a ladder or a rope. The Spanish translation ""Súbete"" is the imperative form of the verb ""subir"" (to climb). The ""te"" is the second person singular pronoun, so ""súbete"" means ""get up"" or ""climb up"" in the imperative. 

Now, considering the context, ""climb on"" can be a bit ambiguous. It could mean ""get on board"" or ""climb up"". However, in Spanish, ""súbete"" is commonly used to mean ""get up"" or ""climb up"", which matches the imperative. The structure is correct grammatically. 

I should check if there's any nuance lost. The original is a direct command, and the translation maintains that. There's no indication of a different meaning. The verb form is correct. So the translation seems accurate. 

Is there any possible mistake? Maybe if ""climb on"" had a specific context like ""get on a vehicle"", but without more context, ""súbete"" is the right choice. Therefore, the translation is accurate and preserves the meaning. So the score should be high. Probably 100 because it's a direct and correct translation.
</think>

<answer>
100
</answer>",en-es
"Score the following translation from English to Spanish on a continuous scale from 0 to 100,
where a score of zero (0) means ""no meaning preserved"" and score of one hundred (100) means ""perfect meaning and grammar"".

[Start of Source Text]
I'm not selling them because it's not economical.
[End of Source Text]

[Start of Translation]
No los vendo porque no es económico.
[End of Translation]

Your answer should be a number like 0 or 1 or 2 or ... or 100, depending on your judgement.","<think>
Okay, let's evaluate this translation. The source text is ""I'm not selling them because it's not economical."" The translation provided is ""No los vendo porque no es económico.""

First, I need to check if the meaning is preserved. The original sentence says the reason for not selling is that it's not economical. The translation uses ""No los vendo"" which directly translates to ""I'm not selling them,"" which matches the source. The reason given is ""porque no es económico,"" which is ""because it's not economical."" That seems to capture the same meaning.

Now, checking grammar. In Spanish, ""No los vendo"" is correct. The subject is ""I"" (implicit), and ""vendo"" is the first person singular of ""vender."" The pronoun ""los"" refers to ""them,"" which matches the original. The conjunction ""porque"" is correctly used to introduce the reason. The adjective ""económico"" is in the correct form here, and the sentence structure is correct.

Are there any issues? Maybe ""económico"" could be ""económica"" if the noun was feminine, but in this case, the noun is ""economía"" (feminine), but here it's used as an adjective. Wait, actually, ""económico"" is the masculine form, but in the sentence, it's used as an adjective describing ""it"" (the thing being sold). Since ""it"" is neutral, the adjective can be either gender. However, in Spanish, when using ""it"" (el) as a pronoun, the adjective should match the gender of the pronoun. But in this case, the original says ""it's not economical,"" so ""it"" is referring to the thing being sold, which is likely masculine (like ""the product""). So ""económico"" is correct here. 

Another point: the original uses ""because it's not economical,"" which is a bit informal. The translation uses ""porque no es económico,"" which is also informal and matches the tone. 

So, the translation is accurate in both meaning and grammar. There are no errors. Therefore, the score should be high. Since it's a direct and accurate translation with no issues, I would give it a 100.
</think>

<answer>
100
</answer>",en-es
"Score the following translation from English to Spanish on a continuous scale from 0 to 100,
where a score of zero (0) means ""no meaning preserved"" and score of one hundred (100) means ""perfect meaning and grammar"".

[Start of Source Text]
Proper handling and disposal of waste at your auto repair facility is important for employee health, but also to avoid fines or significant legal settlements. Also, customers want to do business with companies that make an effort to proactively protect the environment and operate in a sustainable way. So what are seven ways you can do this? Number one, re-refining used oil. Don't just discard your old oil. With the right processes, oil can be fully re-refined and reused indefinitely without any reduction in quality.
[End of Source Text]

[Start of Translation]
La correcta manipulación y eliminación de residuos en su taller de reparación de automóviles es importante para la salud de los empleados, pero también para evitar multas o acuerdos legales significativos. Además, los clientes quieren hacer negocios con empresas que se esfuerzan por proteger proactivamente el medio ambiente y operar de forma sostenible. ¿Cuáles son las siete formas de hacerlo? Número uno: refinar el aceite usado. No se limite a desechar el aceite usado. Con los procesos adecuados, el aceite puede volver a refinarse y reutilizarse indefinidamente sin merma de su calidad.
[End of Translation]

Your answer should be a number like 0 or 1 or 2 or ... or 100, depending on your judgement.","<think>
Okay, let's evaluate this translation. First, I need to check if the meaning is preserved. The source talks about proper handling and disposal of waste at an auto repair facility, which is important for employee health and avoiding fines. The Spanish translation says ""correcta manipulación y eliminación de residuos en su taller de reparación de automóviles,"" which seems accurate.

Next, the part about customers wanting to do business with companies that protect the environment and operate sustainably. The translation uses ""proteger proactivamente el medio ambiente y operar de forma sostenible,"" which matches the original. 

Then, the seven ways to do this. The first point is re-refining used oil. The translation says ""refinar el aceite usado,"" which is correct. The explanation about not just discarding old oil and re-refining without quality loss is also accurately translated. 

Grammar-wise, the sentences are structured correctly in Spanish. There are no obvious errors. The terms like ""acuerdos legales significativos"" for ""legal settlements"" are appropriate. 

I don't see any mistranslations or omissions. The flow of the text is maintained. The only possible minor point is ""re-refining"" which is ""refinar"" in Spanish, but that's the right term here. 

Overall, the translation seems to preserve the meaning and grammar well. It's clear and accurate. I would give it a high score, maybe 95 or 100. But wait, is there any nuance lost? The original mentions ""seven ways you can do this"" which is translated as ""siete formas de hacerlo,"" which is correct. The number ""seven"" is ""siete"" in Spanish. 

I think the translation is spot on. No issues detected. So the score should be 100.
</think>

<answer>
100
</answer>",en-es
"Score the following translation from English to Spanish on a continuous scale from 0 to 100,
where a score of zero (0) means ""no meaning preserved"" and score of one hundred (100) means ""perfect meaning and grammar"".

[Start of Source Text]
It's important to keep in mind that, even though these rates are per million departures, some of the plane models in this report - for example, the Boeing 727 introduced in 1964 - have been around for decades and consequently had much longer to accumulate an accident record than others.
[End of Source Text]

[Start of Translation]
Es importante tener en cuenta que, aunque estas tasas son por millón de salidas, algunos de los modelos de avión en este informe - por ejemplo, el Boeing 727 introducido en 1964 - han existido durante décadas y, en consecuencia, han tenido mucho más tiempo para acumular un historial de accidentes que otros.
[End of Translation]

Your answer should be a number like 0 or 1 or 2 or ... or 100, depending on your judgement.","<think>
Okay, let's start by reading both the source text and the translation carefully. The source is about the importance of considering that even though the rates are per million departures, some plane models have been around longer and thus have more accident records.

Looking at the translation: ""Es importante tener en cuenta que, aunque estas tasas son por millón de salidas, algunos de los modelos de avión en este informe - por ejemplo, el Boeing 727 introducido en 1964 - han existido durante décadas y, en consecuencia, han tenido mucho más tiempo para acumular un historial de accidentes que otros.""

First, I check for accuracy. The key points are that the rates are per million departures, some models have been around longer, leading to more accident data. The translation seems to capture all these points. 

Next, grammar and structure. The Spanish uses correct grammar. ""Tener en cuenta"" is the right phrase for ""keep in mind."" ""Por millón de salidas"" is correct for ""per million departures."" The example with Boeing 727 is accurately translated. ""Han existido durante décadas"" correctly conveys ""have been around for decades."" The phrase ""han tenido mucho más tiempo para acumular un historial de accidentes que otros"" is a good match for ""had much longer to accumulate an accident record than others.""

I notice that ""salidas"" is used instead of ""despegues"" or ""vuelos,"" but in the context of aviation, ""salidas"" can be acceptable as it refers to departures. However, ""despegues"" might be more precise. But since the source uses ""departures,"" ""salidas"" is a reasonable equivalent.

The translation maintains the original meaning without adding or omitting information. The structure is parallel to the source, and the flow is natural in Spanish. There's no obvious error in syntax or vocabulary. 

Possible minor points: ""historial de accidentes"" is slightly different from ""accident record,"" but it's close enough. ""Accumular un historial"" is a bit more formal than ""accumulate an accident record,"" but it's still accurate. 

Overall, the translation is very accurate, maintains the original meaning, and uses correct grammar. I don't see any significant issues. Therefore, the score should be high. Maybe 95 or 100. But since there's a slight nuance difference in ""historial de accidentes"" versus ""accident record,"" maybe 95. However, in many contexts, ""historial de accidentes"" is acceptable. So I think 95 is appropriate. Alternatively, if the difference is considered negligible, 100. But given that the translation is almost perfect, I'll go with 95.
</think>

<answer>
95
</answer>",en-es
"Score the following translation from English to Spanish on a continuous scale from 0 to 100,
where a score of zero (0) means ""no meaning preserved"" and score of one hundred (100) means ""perfect meaning and grammar"".

[Start of Source Text]
On a full charge, it gives me a runtime of about 4 hours.
[End of Source Text]

[Start of Translation]
Con una carga completa, me da un tiempo de ejecución de aproximadamente 4 horas.
[End of Translation]

Your answer should be a number like 0 or 1 or 2 or ... or 100, depending on your judgement.","<think>
Okay, let's evaluate this translation. The source text is ""On a full charge, it gives me a runtime of about 4 hours."" The translation provided is ""Con una carga completa, me da un tiempo de ejecución de aproximadamente 4 horas.""

First, I need to check if the meaning is preserved. The original talks about runtime when fully charged. The translation uses ""tiempo de ejecución,"" which is ""execution time,"" but in the context of a device's battery, ""runtime"" usually refers to how long it can operate on a single charge. ""Tiempo de ejecución"" might be more technical, perhaps related to software or processes, but in this context, it's about the device's operation time. However, ""tiempo de funcionamiento"" would be more accurate for ""runtime"" in a device's context. But the translation uses ""tiempo de ejecución,"" which is a bit off.

Next, grammar and structure. The sentence structure in Spanish is correct. ""Con una carga completa, me da un tiempo de ejecución de aproximadamente 4 horas."" The verb ""da"" is used correctly here, meaning ""gives."" The phrase ""aproximadamente 4 horas"" is correct for ""about 4 hours.""

However, ""tiempo de ejecución"" might not be the best term here. In Spanish, ""tiempo de batería"" or ""tiempo de funcionamiento"" would be more natural for ""runtime"" in the context of a device's battery life. But the translation uses ""tiempo de ejecución,"" which is technically correct in a programming context but might not be the most common term for battery runtime. 

The rest of the sentence is clear and grammatically correct. The numbers and units are properly translated. The prepositions and connectors are appropriate. 

So, while the translation is accurate in terms of grammar and structure, the term ""tiempo de ejecución"" might not be the most idiomatic choice for ""runtime"" in this context. However, since the translation is mostly correct and the meaning is preserved, even if slightly off in terminology, it's a good translation. I'd say it's around 85-90. But maybe a bit lower because of the term. Let me think again. If the term is slightly off but the overall meaning is clear, maybe 85. But if the term is considered a significant error, maybe 80. Alternatively, if the term is acceptable in some contexts, then higher. Considering that ""tiempo de ejecución"" is used in some technical contexts, maybe 85 is reasonable. Alternatively, maybe 90 because the rest is perfect. Hmm. I think 85 is a safe score here.
</think>

<answer>
85
</answer>",en-es
"Score the following translation from English to Spanish on a continuous scale from 0 to 100,
where a score of zero (0) means ""no meaning preserved"" and score of one hundred (100) means ""perfect meaning and grammar"".

[Start of Source Text]
@user3 @user2
[End of Source Text]

[Start of Translation]
@user3 @user2
[End of Translation]

Your answer should be a number like 0 or 1 or 2 or ... or 100, depending on your judgement.","<think>
Okay, let's see. The user wants me to score the translation from English to Spanish. The source text is just ""@user3 @user2"" and the translation is the same. So, first, I need to check if the translation preserves the meaning and grammar.

Hmm, the original is a simple text with usernames. In Spanish, usernames or handles are usually kept as they are, so ""@user3"" and ""@user2"" would remain the same. There's no change in the structure or content. The grammar is correct because there's no sentence here, just tags. 

But wait, maybe the user is testing if the translation is accurate even when there's no actual content. Since the source and target are identical, the meaning is preserved. However, sometimes in translations, even if the text is the same, there might be a nuance. But in this case, it's just usernames. 

I should consider if there's any possible mistake. For example, maybe the Spanish version should have different punctuation? But the original has ""@"" symbols, which are used in both languages. So the translation is spot on. 

Therefore, the score should be high. Since there's no error in grammar or meaning, and the content is exactly the same, the translation is perfect. So the score is 100.
</think>

<answer>
100
</answer>",en-es
"Score the following translation from English to Spanish on a continuous scale from 0 to 100,
where a score of zero (0) means ""no meaning preserved"" and score of one hundred (100) means ""perfect meaning and grammar"".

[Start of Source Text]
Aaaand it's still offline.
[End of Source Text]

[Start of Translation]
Y sigue estando fuera de línea.
[End of Translation]

Your answer should be a number like 0 or 1 or 2 or ... or 100, depending on your judgement.","<think>
Okay, let's evaluate this translation. The source text is ""Aaaand it's still offline."" The translation provided is ""Y sigue estando fuera de línea.""

First, I need to check if the meaning is preserved. The original sentence has a casual, maybe even a bit of a sarcastic or exaggerated tone with ""Aaaand"" which is often used for emphasis. The Spanish translation uses ""Y"" which is a conjunction, so that's correct. ""Sigue estando"" translates to ""still is"" or ""still remains,"" which matches ""still."" ""Fuera de línea"" is the correct Spanish phrase for ""offline."" 

Now, checking grammar. The structure ""Y sigue estando fuera de línea"" is grammatically correct in Spanish. The verb ""estar"" is used correctly with the present tense, and the phrase ""fuera de línea"" is the right term for ""offline."" 

The original has a slightly informal tone, and the translation maintains that informality. The use of ""Y"" at the beginning is appropriate here, as it's a common way to start a sentence in Spanish, especially in spoken language. 

I don't see any errors in the translation. The meaning is clear and accurate. The only thing to note is that ""Aaaand"" is more of a vocalization or emphasis, but in Spanish, ""Y"" serves the same function here. So the translation effectively conveys the same message and tone as the original. 

Therefore, the score should be high. Since there are no errors and the meaning is perfectly preserved, I would give this a 100.
</think>

<answer>
100
</answer>",en-es
"Score the following translation from English to Spanish on a continuous scale from 0 to 100,
where a score of zero (0) means ""no meaning preserved"" and score of one hundred (100) means ""perfect meaning and grammar"".

[Start of Source Text]
ps hire me
[End of Source Text]

[Start of Translation]
contrátame``` o ```contrátenme``` (dependiendo del contexto y la formalidad del lenguaje).
[End of Translation]

Your answer should be a number like 0 or 1 or 2 or ... or 100, depending on your judgement.","<think>
Okay, let's see. The user wants me to score the translation from English to Spanish of ""ps hire me"" into the given translation. The source text is very short, just ""ps hire me"". The translation provided is ""contrátame``` o ```contrátenme``` (dependiendo del contexto y la formalidad del lenguaje).""

First, I need to understand the original text. ""Ps hire me"" is a bit odd. ""Ps"" is usually an abbreviation for ""psalm"" or ""postscript,"" but in this context, maybe it's a typo or a slang. However, the main part is ""hire me."" So the intended meaning is likely ""Please hire me"" or ""I want to be hired.""

Now, the translation uses ""contrátame"" and ""contrátenme."" Let's break that down. ""Contratar"" means to hire in Spanish. The first form ""contrátame"" is the imperative singular of the verb ""contratar,"" which would be ""hire me"" in a direct command. The second form ""contrátenme"" is the imperative plural, which would be ""hire them"" or ""hire me"" in a more formal or collective context. The note in parentheses explains that it depends on context and formality.

But the original text is ""ps hire me."" The ""ps"" might be a typo or an abbreviation. If it's meant to be ""please hire me,"" then the translation is correct. However, the ""ps"" is not standard in English. Maybe the user intended ""ps"" as a typo for ""please""? If that's the case, then ""contrátame"" would be the correct translation for ""please hire me"" in a direct command. But the original text is unclear. However, the translation does provide both forms, which is helpful because in Spanish, the imperative can vary based on formality and context.

The problem is that the source text is very short and possibly ambiguous. The translation addresses the possible interpretations of ""hire me"" by providing both the singular and plural forms. However, the original text doesn't specify the context, so the translation is providing options. The user might be testing if the translation correctly captures the possible forms of the verb. 

In terms of grammar, both ""contrátame"" and ""contrátenme"" are correct. The explanation in parentheses is also accurate. However, the original text is ""ps hire me,"" which is not a standard phrase. If ""ps"" is meant to be ""please,"" then the translation is correct. But if ""ps"" is a typo, the translation still covers the correct verb forms. 

Considering that the translation provides both forms and explains the context, it's accurate. However, the original text's ambiguity might affect the score. But since the translation is correct in terms of grammar and offers the necessary options, I would give a high score. Maybe 80 or 90? But the original text is very short, so maybe the score is lower. However, the translation is correct. I think the score should be around 85-90. Wait, but the user might consider the ""ps"" as incorrect. If ""ps"" is not a standard English word, then the translation is still correct for ""hire me."" So the translation is accurate. Therefore, the score should be high. Maybe 90.
</think>

<answer>
90
</answer>",en-es
"Score the following translation from English to Spanish on a continuous scale from 0 to 100,
where a score of zero (0) means ""no meaning preserved"" and score of one hundred (100) means ""perfect meaning and grammar"".

[Start of Source Text]
And he said, "" You have a tattoo."" And I said, I have a few on your hand, I have a banjo, and I told him about it, as a friend of mine, Darryl Adams said he said I had to. Oh yeah, there's a banjo right there on your hand. Can we see it? Look, there's a banjo. It's the kind of tattoo you should really get on your knee, you know? Or a banjo on my knee? Oh, banjo on my knee? Yeah.
[End of Source Text]

[Start of Translation]
Y él dijo: ""Tienes un tatuaje"". Y yo le dije: ""Tengo algunos en tu mano, tengo un banjo, y le conté sobre ello, como me dijo un amigo mío, Darryl Adams, que tenía que hacerlo. Oh sí, hay un banjo justo allí en tu mano. ¿Podemos verlo? Mira, hay un banjo. Es el tipo de tatuaje que realmente deberías ponerte en la rodilla, sabes? O un banjo en mi rodilla? Oh, banjo en mi rodilla? Sí.
[End of Translation]

Your answer should be a number like 0 or 1 or 2 or ... or 100, depending on your judgement.","<think>
Okay, let's evaluate this translation. First, I need to check if the meaning is preserved. The original text is a conversation where someone is talking about having a banjo tattoo. The translation seems to capture the main points: the person is told they have a tattoo, they mention having a banjo tattoo, and then there's a discussion about where it should be placed.

Looking at grammar, the Spanish sentences are mostly correct. The structure ""Tengo algunos en tu mano, tengo un banjo"" is accurate. The dialogue tags like ""Y él dijo"" and ""Y yo le dije"" are properly used. The use of ""sabes?"" at the end of the sentence about the knee seems correct.

However, there might be some issues with the flow. For example, the phrase ""le conté sobre ello, como me dijo un amigo mío, Darryl Adams, que tenía que hacerlo."" The placement of ""como me dijo un amigo mío"" might be a bit awkward. It should probably be ""como me dijo un amigo mío, Darryl Adams, que dijo que tenía que hacerlo."" The original says ""he said I had to,"" so the translation should reflect that Darryl Adams said that the speaker had to get it. The current translation says ""que tenía que hacerlo,"" which is ""had to do it,"" but maybe ""que dijo que tenía que hacerlo"" would be more precise.

Also, the use of ""Oh sí, hay un banjo justo allí en tu mano."" The ""justo allí"" is correct, but maybe ""ahí"" is sufficient. However, the overall meaning is clear.

Another point is the repetition in the last part: ""Oh, banjo on my knee? Yeah."" The translation uses ""Oh, banjo en mi rodilla? Sí."" which is accurate. 

So, the translation is mostly correct, but there's a minor issue with the structure where Darryl Adams' statement is presented. The rest of the translation is clear and grammatically correct. I think the score should be around 85-90 because the meaning is well-preserved, grammar is mostly correct, but there's a slight awkwardness in one part.
</think>

<answer>
85
</answer>",en-es
